#BNO080 0.5173 0.4932 -0.4479 0.5370 1590422052.682389020
#BNO080 0.5175 0.4927 -0.4484 0.5370 1590422052.714610099
#BNO080 0.5176 0.4908 -0.4517 0.5359 1590422052.739049911
#BNO080 0.5173 0.4910 -0.4512 0.5364 1590422052.769532918
#BNO080 0.5167 0.4913 -0.4510 0.5369 1590422052.811675071
#BNO080 0.5163 0.4912 -0.4509 0.5374 1590422052.859833002
#BNO080 0.5156 0.4915 -0.4504 0.5383 1590422052.904390096
#BNO080 0.5150 0.4914 -0.4501 0.5391 1590422052.950603008
#BNO080 0.5143 0.4915 -0.4501 0.5399 1590422052.998265027
#BNO080 0.5129 0.4920 -0.4495 0.5411 1590422053.64376115
#BNO080 0.5118 0.4929 -0.4492 0.5416 1590422053.113485097
#BNO080 0.5109 0.4935 -0.4487 0.5424 1590422053.156800985
#BNO080 0.5107 0.4934 -0.4490 0.5422 1590422053.204298973
#BNO080 0.5110 0.4929 -0.4496 0.5420 1590422053.251609086
#BNO080 0.5112 0.4926 -0.4501 0.5417 1590422053.319003105
#BNO080 0.5113 0.4923 -0.4503 0.5417 1590422053.363620042
#BNO080 0.5117 0.4918 -0.4506 0.5416 1590422053.409185886
#BNO080 0.5118 0.4912 -0.4510 0.5415 1590422053.453274965
#BNO080 0.5113 0.4910 -0.4515 0.5418 1590422053.501127958
#BNO080 0.5104 0.4907 -0.4520 0.5425 1590422053.562969923
#BNO080 0.5107 0.4895 -0.4537 0.5420 1590422053.612435102
#BNO080 0.5108 0.4883 -0.4552 0.5416 1590422053.655056953
#BNO080 0.5113 0.4874 -0.4571 0.5404 1590422053.703861951
#BNO080 0.5117 0.4868 -0.4576 0.5402 1590422053.750252962
#BNO080 0.5121 0.4858 -0.4586 0.5398 1590422053.823394060
#BNO080 0.5117 0.4858 -0.4586 0.5403 1590422053.864701986
#BNO080 0.5099 0.4863 -0.4578 0.5421 1590422053.906533002
#BNO080 0.5082 0.4859 -0.4585 0.5436 1590422053.952102899
#BNO080 0.5077 0.4847 -0.4603 0.5435 1590422054.2255916
#BNO080 0.5082 0.4834 -0.4626 0.5423 1590422054.66879987
#BNO080 0.5078 0.4824 -0.4641 0.5423 1590422054.113642930
#BNO080 0.5070 0.4824 -0.4655 0.5418 1590422054.160024881
#BNO080 0.5069 0.4819 -0.4667 0.5413 1590422054.208292961
#BNO080 0.5075 0.4812 -0.4678 0.5404 1590422054.253340005
#BNO080 0.5064 0.4822 -0.4672 0.5410 1590422054.316828966
#BNO080 0.5054 0.4832 -0.4661 0.5421 1590422054.362603902
#BNO080 0.5054 0.4828 -0.4661 0.5424 1590422054.412933111
#BNO080 0.5054 0.4826 -0.4659 0.5427 1590422054.454363107
#BNO080 0.5043 0.4834 -0.4651 0.5438 1590422054.517358064
#BNO080 0.5032 0.4841 -0.4645 0.5446 1590422054.566042900
#BNO080 0.5034 0.4834 -0.4650 0.5447 1590422054.617449045
#BNO080 0.5037 0.4828 -0.4653 0.5447 1590422054.664055109
#BNO080 0.5018 0.4844 -0.4632 0.5468 1590422054.712090015
#BNO080 0.4998 0.4866 -0.4606 0.5489 1590422054.757982015
#BNO080 0.4988 0.4883 -0.4572 0.5511 1590422054.801398038
#BNO080 0.4955 0.4902 -0.4517 0.5569 1590422054.864451885
#BNO080 0.4970 0.4890 -0.4424 0.5640 1590422054.908241033
#BNO080 0.5001 0.4927 -0.4285 0.5689 1590422054.956882953
#BNO080 0.5102 0.4926 -0.4164 0.5690 1590422055.2372026
#BNO080 0.5267 0.4875 -0.4027 0.5681 1590422055.68147897
#BNO080 0.5409 0.4855 -0.3838 0.5696 1590422055.112145900
#BNO080 0.5497 0.4879 -0.3580 0.5758 1590422055.161756038
#BNO080 0.5564 0.4910 -0.3303 0.5833 1590422055.211564064
#BNO080 0.5707 0.4877 -0.3029 0.5871 1590422055.252871990
#BNO080 0.5904 0.4811 -0.2779 0.5854 1590422055.316700935
#BNO080 0.6142 0.4717 -0.2528 0.5799 1590422055.361953973
#BNO080 0.6393 0.4612 -0.2264 0.5722 1590422055.411694049
#BNO080 0.6615 0.4507 -0.1931 0.5674 1590422055.461302042
#BNO080 0.6789 0.4399 -0.1516 0.5681 1590422055.503566980
#BNO080 0.6904 0.4316 -0.1063 0.5708 1590422055.572407007
#BNO080 0.7014 0.4206 -0.0605 0.5723 1590422055.617268085
#BNO080 0.7131 0.4083 -0.0192 0.5696 1590422055.666484117
#BNO080 0.7329 0.3894 0.0186 0.5575 1590422055.707840919
#BNO080 0.7510 0.3679 0.0562 0.5453 1590422055.769305944
#BNO080 0.7612 0.3472 0.0944 0.5396 1590422055.816903114
#BNO080 0.7649 0.3281 0.1331 0.5381 1590422055.870765924
#BNO080 0.7681 0.3069 0.1682 0.5362 1590422055.910645008
#BNO080 0.7748 0.2838 0.1998 0.5284 1590422055.956305980
#BNO080 0.7790 0.2631 0.2285 0.5213 1590422056.21171092
#BNO080 0.7828 0.2408 0.2552 0.5139 1590422056.70136070
#BNO080 0.7896 0.2191 0.2786 0.5009 1590422056.114388942
#BNO080 0.7936 0.1967 0.3015 0.4905 1590422056.156040906
#BNO080 0.7927 0.1722 0.3240 0.4867 1590422056.219115018
#BNO080 0.7888 0.1494 0.3441 0.4870 1590422056.265065908
#BNO080 0.7869 0.1276 0.3607 0.4843 1590422056.309564113
#BNO080 0.7906 0.1093 0.3730 0.4731 1590422056.357399940
#BNO080 0.7928 0.0918 0.3820 0.4661 1590422056.421969890
#BNO080 0.7880 0.0716 0.3891 0.4717 1590422056.472404003
#BNO080 0.7847 0.0534 0.3939 0.4756 1590422056.518935918
#BNO080 0.7852 0.0407 0.3964 0.4741 1590422056.567665100
#BNO080 0.7872 0.0314 0.3965 0.4713 1590422056.607280015
#BNO080 0.7883 0.0242 0.3942 0.4719 1590422056.672827005
#BNO080 0.7898 0.0208 0.3909 0.4723 1590422056.719382047
#BNO080 0.7914 0.0172 0.3875 0.4725 1590422056.769834041
#BNO080 0.7911 0.0153 0.3842 0.4757 1590422056.820516109
#BNO080 0.7910 0.0143 0.3810 0.4786 1590422056.870903968
#BNO080 0.7911 0.0145 0.3773 0.4813 1590422056.915747880
#BNO080 0.7922 0.0150 0.3729 0.4828 1590422056.960967063
#BNO080 0.7937 0.0172 0.3680 0.4840 1590422057.4457950
#BNO080 0.7949 0.0200 0.3627 0.4861 1590422057.76260089
#BNO080 0.7943 0.0231 0.3571 0.4910 1590422057.119836091
#BNO080 0.7935 0.0261 0.3503 0.4969 1590422057.161595106
#BNO080 0.7961 0.0319 0.3418 0.4983 1590422057.211380004
#BNO080 0.8010 0.0368 0.3336 0.4957 1590422057.254579067
#BNO080 0.8064 0.0423 0.3250 0.4922 1590422057.321588993
#BNO080 0.8084 0.0488 0.3149 0.4949 1590422057.362909078
#BNO080 0.8099 0.0567 0.3026 0.4994 1590422057.409137010
#BNO080 0.8130 0.0666 0.2877 0.5019 1590422057.476042032
#BNO080 0.8184 0.0781 0.2675 0.5026 1590422057.517504930
#BNO080 0.8224 0.0956 0.2426 0.5056 1590422057.562885999
#BNO080 0.8216 0.1133 0.2155 0.5154 1590422057.607242107
#BNO080 0.8246 0.1282 0.1853 0.5189 1590422057.671883106
#BNO080 0.8301 0.1426 0.1522 0.5170 1590422057.722260951
#BNO080 0.8335 0.1592 0.1184 0.5157 1590422057.769841909
#BNO080 0.8307 0.1784 0.0855 0.5204 1590422057.816343069
#BNO080 0.8253 0.1978 0.0533 0.5262 1590422057.857729911
#BNO080 0.8227 0.2146 0.0193 0.5261 1590422057.926728963
#BNO080 0.8184 0.2222 -0.0147 0.5297 1590422057.972496032
#BNO080 0.8018 0.2257 -0.0460 0.5515 1590422058.17245054
#BNO080 0.7795 0.2433 -0.0730 0.5726 1590422058.61209917
#BNO080 0.7681 0.2553 -0.1066 0.5775 1590422058.124876022
#BNO080 0.7649 0.2584 -0.1387 0.5735 1590422058.170382976
#BNO080 0.7576 0.2672 -0.1711 0.5704 1590422058.221178054
#BNO080 0.7411 0.2806 -0.2007 0.5760 1590422058.264005899
#BNO080 0.7244 0.2977 -0.2316 0.5770 1590422058.308919906
#BNO080 0.7131 0.3105 -0.2659 0.5695 1590422058.372792959
#BNO080 0.7064 0.3117 -0.2986 0.5609 1590422058.415577888
#BNO080 0.6980 0.3163 -0.3284 0.5521 1590422058.459073066
#BNO080 0.6865 0.3198 -0.3516 0.5502 1590422058.526705980
#BNO080 0.6744 0.3270 -0.3764 0.5446 1590422058.570499897
#BNO080 0.6650 0.3298 -0.3978 0.5392 1590422058.617279052
#BNO080 0.6576 0.3259 -0.4175 0.5358 1590422058.662774085
#BNO080 0.6487 0.3265 -0.4370 0.5307 1590422058.712843894
#BNO080 0.6426 0.3275 -0.4553 0.5221 1590422058.774405002
#BNO080 0.6375 0.3265 -0.4715 0.5145 1590422058.818783044
#BNO080 0.6310 0.3288 -0.4862 0.5072 1590422058.866875886
#BNO080 0.6235 0.3329 -0.4986 0.5018 1590422058.912508010
#BNO080 0.6138 0.3391 -0.5038 0.5043 1590422058.957814931
#BNO080 0.6010 0.3515 -0.5070 0.5082 1590422059.27189016
#BNO080 0.5894 0.3627 -0.5100 0.5108 1590422059.73565959
#BNO080 0.5848 0.3660 -0.5166 0.5071 1590422059.122221946
#BNO080 0.5833 0.3655 -0.5228 0.5029 1590422059.167399883
#BNO080 0.5798 0.3697 -0.5251 0.5014 1590422059.220958948
#BNO080 0.5767 0.3752 -0.5255 0.5005 1590422059.258317947
#BNO080 0.5750 0.3802 -0.5245 0.4996 1590422059.329474925
#BNO080 0.5759 0.3818 -0.5238 0.4981 1590422059.373752117
#BNO080 0.5765 0.3844 -0.5222 0.4973 1590422059.422247886
#BNO080 0.5767 0.3892 -0.5182 0.4974 1590422059.468339920
#BNO080 0.5790 0.3927 -0.5130 0.4974 1590422059.532402992
#BNO080 0.5826 0.3951 -0.5092 0.4951 1590422059.575848102
#BNO080 0.5890 0.3943 -0.5056 0.4920 1590422059.618670940
#BNO080 0.5969 0.3929 -0.5014 0.4877 1590422059.667959928
#BNO080 0.6074 0.3912 -0.4978 0.4799 1590422059.719620943
#BNO080 0.6255 0.3812 -0.4973 0.4650 1590422059.763155937
#BNO080 0.6508 0.3639 -0.4963 0.4446 1590422059.827394008
#BNO080 0.6754 0.3471 -0.4899 0.4281 1590422059.872268915
#BNO080 0.6962 0.3376 -0.4799 0.4135 1590422059.918349981
#BNO080 0.7130 0.3358 -0.4626 0.4061 1590422059.967647075
#BNO080 0.7299 0.3333 -0.4420 0.4010 1590422060.12897014
#BNO080 0.7469 0.3335 -0.4229 0.3900 1590422060.63390970
#BNO080 0.7685 0.3264 -0.4064 0.3712 1590422060.138863086
#BNO080 0.7834 0.3250 -0.3871 0.3617 1590422060.180516004
#BNO080 0.7916 0.3270 -0.3714 0.3585 1590422060.218837022
#BNO080 0.7967 0.3279 -0.3555 0.3623 1590422060.268290042
#BNO080 0.8022 0.3264 -0.3420 0.3647 1590422060.329560995
#BNO080 0.8073 0.3244 -0.3309 0.3654 1590422060.372855901
#BNO080 0.8101 0.3232 -0.3209 0.3693 1590422060.417678117
#BNO080 0.8124 0.3259 -0.3176 0.3646 1590422060.461726903
#BNO080 0.8156 0.3261 -0.3174 0.3572 1590422060.532854080
#BNO080 0.8198 0.3255 -0.3193 0.3465 1590422060.581306934
#BNO080 0.8218 0.3240 -0.3212 0.3412 1590422060.628242969
#BNO080 0.8232 0.3211 -0.3218 0.3401 1590422060.678549051
#BNO080 0.8254 0.3140 -0.3233 0.3398 1590422060.724565982
#BNO080 0.8273 0.3069 -0.3235 0.3417 1590422060.768733978
#BNO080 0.8274 0.3038 -0.3220 0.3457 1590422060.814287900
#BNO080 0.8283 0.3008 -0.3209 0.3470 1590422060.863360881
#BNO080 0.8300 0.2976 -0.3199 0.3468 1590422060.920270919
#BNO080 0.8297 0.2979 -0.3188 0.3483 1590422060.968918085
#BNO080 0.8292 0.2984 -0.3180 0.3497 1590422061.32268047
#BNO080 0.8292 0.2983 -0.3177 0.3500 1590422061.80085039
#BNO080 0.8289 0.2992 -0.3174 0.3503 1590422061.125592947
#BNO080 0.8287 0.2996 -0.3167 0.3510 1590422061.171140909
#BNO080 0.8286 0.2999 -0.3165 0.3513 1590422061.213332891
#BNO080 0.8272 0.3011 -0.3160 0.3538 1590422061.280225992
#BNO080 0.8246 0.3046 -0.3151 0.3577 1590422061.326715946
#BNO080 0.8221 0.3083 -0.3135 0.3616 1590422061.368309974
#BNO080 0.8202 0.3110 -0.3123 0.3648 1590422061.418508052
#BNO080 0.8177 0.3135 -0.3110 0.3692 1590422061.482105970
#BNO080 0.8148 0.3170 -0.3101 0.3735 1590422061.530972003
#BNO080 0.8115 0.3194 -0.3105 0.3782 1590422061.579849004
#BNO080 0.8074 0.3219 -0.3113 0.3842 1590422061.630971908
#BNO080 0.8018 0.3260 -0.3121 0.3917 1590422061.685445070
#BNO080 0.7966 0.3284 -0.3146 0.3982 1590422061.712961912
#BNO080 0.7914 0.3304 -0.3163 0.4056 1590422061.778466939
#BNO080 0.7862 0.3322 -0.3182 0.4127 1590422061.818228960
#BNO080 0.7802 0.3347 -0.3187 0.4216 1590422061.889348983
#BNO080 0.7744 0.3380 -0.3186 0.4296 1590422061.931056976
#BNO080 0.7671 0.3418 -0.3175 0.4403 1590422061.973536968
#BNO080 0.7611 0.3485 -0.3179 0.4451 1590422062.17422914
#BNO080 0.7574 0.3539 -0.3181 0.4470 1590422062.84465980
#BNO080 0.7581 0.3571 -0.3197 0.4422 1590422062.130250930
#BNO080 0.7614 0.3589 -0.3226 0.4329 1590422062.169379949
#BNO080 0.7625 0.3614 -0.3250 0.4269 1590422062.220105886
#BNO080 0.7635 0.3640 -0.3326 0.4171 1590422062.280930995
#BNO080 0.7626 0.3665 -0.3386 0.4117 1590422062.322865009
#BNO080 0.7593 0.3715 -0.3401 0.4119 1590422062.370004892
#BNO080 0.7549 0.3774 -0.3488 0.4073 1590422062.419075965
#BNO080 0.7445 0.3840 -0.3642 0.4070 1590422062.484412908
#BNO080 0.7228 0.3954 -0.3752 0.4249 1590422062.530774116
#BNO080 0.6995 0.4082 -0.3862 0.4416 1590422062.572124004
#BNO080 0.6761 0.4111 -0.4049 0.4582 1590422062.625569105
#BNO080 0.6402 0.4180 -0.4057 0.5009 1590422062.685805082
#BNO080 0.5971 0.4479 -0.3974 0.5337 1590422062.732819080
#BNO080 0.5656 0.4704 -0.4022 0.5450 1590422062.775876045
#BNO080 0.5628 0.4627 -0.4211 0.5402 1590422062.817255020
#BNO080 0.5735 0.4418 -0.4431 0.5288 1590422062.884799003
#BNO080 0.5714 0.4371 -0.4562 0.5238 1590422062.931080102
#BNO080 0.5603 0.4459 -0.4555 0.5290 1590422062.974206924
#BNO080 0.5528 0.4510 -0.4571 0.5312 1590422063.18745899
#BNO080 0.5548 0.4471 -0.4664 0.5242 1590422063.85608959
#BNO080 0.5598 0.4395 -0.4753 0.5172 1590422063.126005887
#BNO080 0.5569 0.4407 -0.4760 0.5187 1590422063.171511888
#BNO080 0.5495 0.4495 -0.4728 0.5220 1590422063.220294952
#BNO080 0.5477 0.4525 -0.4731 0.5209 1590422063.284631013
#BNO080 0.5490 0.4525 -0.4750 0.5179 1590422063.328808069
#BNO080 0.5498 0.4534 -0.4782 0.5133 1590422063.373948097
#BNO080 0.5507 0.4532 -0.4801 0.5107 1590422063.423757076
#BNO080 0.5504 0.4538 -0.4802 0.5106 1590422063.486469030
#BNO080 0.5499 0.4541 -0.4785 0.5123 1590422063.534873008
#BNO080 0.5507 0.4504 -0.4786 0.5146 1590422063.585150957
#BNO080 0.5500 0.4474 -0.4807 0.5161 1590422063.628918886
#BNO080 0.5475 0.4479 -0.4847 0.5145 1590422063.673204898
#BNO080 0.5458 0.4475 -0.4887 0.5128 1590422063.739767074
#BNO080 0.5479 0.4443 -0.4905 0.5116 1590422063.785386085
#BNO080 0.5519 0.4394 -0.4952 0.5070 1590422063.837308883
#BNO080 0.5526 0.4386 -0.4965 0.5057 1590422063.880232095
#BNO080 0.5468 0.4462 -0.4915 0.5103 1590422063.927499055
#BNO080 0.5404 0.4559 -0.4839 0.5157 1590422063.989249944
#BNO080 0.5398 0.4600 -0.4802 0.5162 1590422064.30467033
#BNO080 0.5387 0.4624 -0.4794 0.5159 1590422064.74004888
#BNO080 0.5358 0.4653 -0.4764 0.5191 1590422064.123631000
#BNO080 0.5339 0.4671 -0.4752 0.5205 1590422064.172451972
#BNO080 0.5368 0.4661 -0.4757 0.5180 1590422064.243160963
#BNO080 0.5401 0.4637 -0.4777 0.5149 1590422064.286664962
#BNO080 0.5434 0.4598 -0.4808 0.5120 1590422064.334368944
#BNO080 0.5463 0.4543 -0.4849 0.5100 1590422064.378071069
#BNO080 0.5493 0.4482 -0.4888 0.5084 1590422064.424135923
#BNO080 0.5515 0.4431 -0.4922 0.5073 1590422064.485296010
#BNO080 0.5547 0.4359 -0.4962 0.5061 1590422064.526567935
#BNO080 0.5590 0.4261 -0.5007 0.5052 1590422064.576318979
#BNO080 0.5673 0.4137 -0.5077 0.4993 1590422064.623177051
#BNO080 0.5853 0.3864 -0.5186 0.4891 1590422064.671345949
#BNO080 0.6039 0.3531 -0.5300 0.4792 1590422064.737380981
#BNO080 0.6144 0.3282 -0.5321 0.4813 1590422064.782093048
#BNO080 0.6235 0.3033 -0.5300 0.4882 1590422064.827045917
#BNO080 0.6331 0.2736 -0.5264 0.4972 1590422064.875999927
#BNO080 0.6429 0.2396 -0.5205 0.5083 1590422064.951848983
#BNO080 0.6561 0.1996 -0.5122 0.5170 1590422064.992371082
#BNO080 0.6717 0.1517 -0.5040 0.5214 1590422065.38248062
#BNO080 0.6860 0.0960 -0.4925 0.5269 1590422065.83033084
#BNO080 0.6910 0.0502 -0.4775 0.5404 1590422065.126895904
#BNO080 0.6844 0.0232 -0.4568 0.5677 1590422065.189981937
#BNO080 0.6861 -0.0141 -0.4341 0.5836 1590422065.236644029
#BNO080 0.6989 -0.0642 -0.4073 0.5844 1590422065.286030054
#BNO080 0.7120 -0.1118 -0.3743 0.5836 1590422065.326844930
#BNO080 0.7132 -0.1463 -0.3409 0.5948 1590422065.375878095
#BNO080 0.7112 -0.1799 -0.3043 0.6076 1590422065.440776109
#BNO080 0.7138 -0.2152 -0.2636 0.6121 1590422065.486268997
#BNO080 0.7159 -0.2473 -0.2203 0.6146 1590422065.528994083
#BNO080 0.7100 -0.2723 -0.1785 0.6245 1590422065.575122117
#BNO080 0.7039 -0.2909 -0.1381 0.6331 1590422065.640614032
#BNO080 0.7054 -0.3064 -0.0945 0.6321 1590422065.685246944
#BNO080 0.7031 -0.3209 -0.0551 0.6321 1590422065.729887008
#BNO080 0.6907 -0.3337 -0.0260 0.6411 1590422065.781920909
#BNO080 0.6750 -0.3376 -0.0095 0.6560 1590422065.842503070
#BNO080 0.6764 -0.3420 0.0078 0.6523 1590422065.888789892
#BNO080 0.6816 -0.3442 0.0175 0.6454 1590422065.934628009
#BNO080 0.6763 -0.3421 0.0166 0.6522 1590422065.983711004
#BNO080 0.6785 -0.3391 0.0151 0.6514 1590422066.29385089
#BNO080 0.6807 -0.3366 0.0109 0.6505 1590422066.94233989
#BNO080 0.6826 -0.3302 0.0046 0.6519 1590422066.138144969
#BNO080 0.6853 -0.3239 -0.0001 0.6523 1590422066.188071012
#BNO080 0.6916 -0.3189 -0.0023 0.6481 1590422066.232152938
#BNO080 0.6945 -0.3127 -0.0070 0.6479 1590422066.276501893
#BNO080 0.6960 -0.3055 -0.0134 0.6496 1590422066.324857950
#BNO080 0.7010 -0.2997 -0.0192 0.6469 1590422066.395051002
#BNO080 0.7062 -0.2943 -0.0257 0.6435 1590422066.438163042
#BNO080 0.7100 -0.2867 -0.0345 0.6422 1590422066.481648921
#BNO080 0.7142 -0.2788 -0.0442 0.6404 1590422066.528479099
#BNO080 0.7214 -0.2726 -0.0540 0.6343 1590422066.600228071
#BNO080 0.7281 -0.2659 -0.0641 0.6285 1590422066.630055904
#BNO080 0.7336 -0.2566 -0.0762 0.6247 1590422066.693049907
#BNO080 0.7386 -0.2451 -0.0888 0.6218 1590422066.738950014
#BNO080 0.7441 -0.2318 -0.1033 0.6180 1590422066.785537958
#BNO080 0.7518 -0.2162 -0.1176 0.6116 1590422066.835964918
#BNO080 0.7614 -0.2015 -0.1323 0.6019 1590422066.890316009
#BNO080 0.7656 -0.1857 -0.1520 0.5969 1590422066.926568984
#BNO080 0.7700 -0.1661 -0.1724 0.5915 1590422066.991214036
#BNO080 0.7717 -0.1469 -0.1945 0.5874 1590422067.33509969
#BNO080 0.7750 -0.1207 -0.2214 0.5794 1590422067.78655958
#BNO080 0.7664 -0.0783 -0.2493 0.5869 1590422067.147229909
#BNO080 0.7559 -0.0272 -0.2711 0.5953 1590422067.193764925
#BNO080 0.7550 0.0087 -0.2918 0.5871 1590422067.237581014
#BNO080 0.7629 0.0324 -0.3127 0.5649 1590422067.283525943
#BNO080 0.7668 0.0593 -0.3318 0.5463 1590422067.333663940
#BNO080 0.7608 0.0930 -0.3531 0.5365 1590422067.376316070
#BNO080 0.7522 0.1298 -0.3712 0.5288 1590422067.426677942
#BNO080 0.7501 0.1566 -0.3904 0.5104 1590422067.493557929
#BNO080 0.7542 0.1736 -0.4101 0.4827 1590422067.536746978
#BNO080 0.7517 0.1888 -0.4321 0.4611 1590422067.583079099
#BNO080 0.7386 0.2137 -0.4451 0.4589 1590422067.632842063
#BNO080 0.7198 0.2470 -0.4529 0.4644 1590422067.700196027
#BNO080 0.7095 0.2676 -0.4602 0.4617 1590422067.745770931
#BNO080 0.7064 0.2736 -0.4703 0.4528 1590422067.791461944
#BNO080 0.7015 0.2780 -0.4764 0.4514 1590422067.835544109
#BNO080 0.6877 0.2952 -0.4789 0.4589 1590422067.884247064
#BNO080 0.6722 0.3130 -0.4798 0.4689 1590422067.940917968
#BNO080 0.6625 0.3231 -0.4832 0.4725 1590422067.992305040
#BNO080 0.6542 0.3250 -0.4888 0.4770 1590422068.43790102
#BNO080 0.6437 0.3380 -0.4922 0.4787 1590422068.89999914
#BNO080 0.6362 0.3472 -0.4981 0.4761 1590422068.134159088
#BNO080 0.6360 0.3460 -0.5067 0.4680 1590422068.181183099
#BNO080 0.6400 0.3423 -0.5160 0.4550 1590422068.246098995
#BNO080 0.6348 0.3464 -0.5179 0.4570 1590422068.293179988
#BNO080 0.6244 0.3545 -0.5141 0.4692 1590422068.351548910
#BNO080 0.6186 0.3581 -0.5145 0.4738 1590422068.394107103
#BNO080 0.6207 0.3501 -0.5223 0.4685 1590422068.444963932
#BNO080 0.6245 0.3409 -0.5311 0.4600 1590422068.488059997
#BNO080 0.6241 0.3401 -0.5349 0.4569 1590422068.537503004
#BNO080 0.6160 0.3500 -0.5325 0.4631 1590422068.581235885
#BNO080 0.6044 0.3664 -0.5246 0.4745 1590422068.628686904
#BNO080 0.5887 0.3859 -0.5156 0.4886 1590422068.694881916
#BNO080 0.5782 0.3984 -0.5113 0.4955 1590422068.744541883
#BNO080 0.5839 0.3917 -0.5132 0.4922 1590422068.798557043
#BNO080 0.5864 0.3875 -0.5201 0.4853 1590422068.835398912
#BNO080 0.5768 0.4006 -0.5154 0.4911 1590422068.899413108
#BNO080 0.5628 0.4172 -0.5081 0.5010 1590422068.945919990
#BNO080 0.5546 0.4239 -0.5005 0.5121 1590422068.986732006
#BNO080 0.5536 0.4252 -0.4973 0.5152 1590422069.31543016
#BNO080 0.5598 0.4189 -0.4995 0.5115 1590422069.190427064
#BNO080 0.5721 0.4062 -0.5060 0.5016 1590422069.244048118
#BNO080 0.5815 0.3902 -0.5181 0.4911 1590422069.413232088
#BNO080 0.5688 0.4035 -0.5163 0.4971 1590422069.445878982
#BNO080 0.5561 0.4182 -0.5091 0.5067 1590422069.475132942
#BNO080 0.5714 0.4031 -0.5153 0.4955 1590422069.523030042
#BNO080 0.5696 0.4023 -0.5141 0.4994 1590422069.719862937
#BNO080 0.5630 0.4092 -0.5098 0.5056 1590422069.751703023
#BNO080 0.5587 0.4173 -0.5025 0.5112 1590422069.776798963
#BNO080 0.5655 0.4199 -0.4997 0.5042 1590422069.817569971
#BNO080 0.5613 0.4280 -0.4963 0.5054 1590422069.905544996
#BNO080 0.5560 0.4360 -0.4927 0.5081 1590422069.977801084
#BNO080 0.5525 0.4412 -0.4899 0.5099 1590422070.178407907
#BNO080 0.5511 0.4441 -0.4894 0.5094 1590422070.207000970
#BNO080 0.5533 0.4454 -0.4881 0.5072 1590422070.234432935
#BNO080 0.5538 0.4446 -0.4882 0.5071 1590422070.260822057
#BNO080 0.5519 0.4466 -0.4868 0.5089 1590422070.286341905
