#BNO080 0.2327 0.6610 -0.2506 0.6679 1590709986.643901109
#BNO080 0.2322 0.6607 -0.2508 0.6683 1590709986.679342031
#BNO080 0.2231 0.6626 -0.2455 0.6715 1590709986.721312046
#BNO080 0.2237 0.6624 -0.2455 0.6715 1590709986.770730018
#BNO080 0.2244 0.6623 -0.2459 0.6712 1590709986.803169012
#BNO080 0.2249 0.6624 -0.2458 0.6710 1590709986.858323097
#BNO080 0.2270 0.6626 -0.2462 0.6699 1590709986.911765098
#BNO080 0.2302 0.6644 -0.2456 0.6672 1590709987.77683925
#BNO080 0.2335 0.6643 -0.2463 0.6660 1590709987.132531881
#BNO080 0.2361 0.6640 -0.2471 0.6651 1590709987.161916971
#BNO080 0.2376 0.6635 -0.2479 0.6648 1590709987.231538057
#BNO080 0.2354 0.6641 -0.2481 0.6649 1590709987.281925916
#BNO080 0.2299 0.6658 -0.2474 0.6652 1590709987.316757917
#BNO080 0.2237 0.6683 -0.2463 0.6653 1590709987.384921073
#BNO080 0.2192 0.6703 -0.2446 0.6655 1590709987.446692943
#BNO080 0.2220 0.6691 -0.2454 0.6655 1590709987.465719938
#BNO080 0.2279 0.6659 -0.2449 0.6668 1590709987.605551958
#BNO080 0.2296 0.6647 -0.2448 0.6675 1590709987.633702993
#BNO080 0.2299 0.6642 -0.2441 0.6681 1590709987.677805900
#BNO080 0.2294 0.6641 -0.2429 0.6689 1590709987.721369981
#BNO080 0.2288 0.6639 -0.2410 0.6699 1590709987.787887096
#BNO080 0.2298 0.6628 -0.2404 0.6709 1590709987.835201025
#BNO080 0.2303 0.6618 -0.2394 0.6721 1590709987.871500968
#BNO080 0.2308 0.6609 -0.2385 0.6731 1590709987.919127941
#BNO080 0.2308 0.6607 -0.2381 0.6734 1590709987.973532915
#BNO080 0.2313 0.6605 -0.2381 0.6735 1590709988.46221017
#BNO080 0.2307 0.6610 -0.2383 0.6732 1590709988.64860105
#BNO080 0.2293 0.6618 -0.2380 0.6729 1590709988.123322010
#BNO080 0.2280 0.6624 -0.2385 0.6725 1590709988.167645931
#BNO080 0.2275 0.6625 -0.2385 0.6726 1590709988.229790925
#BNO080 0.2281 0.6622 -0.2394 0.6724 1590709988.324295997
#BNO080 0.2281 0.6620 -0.2398 0.6724 1590709988.348669052
#BNO080 0.2289 0.6617 -0.2404 0.6722 1590709988.369745016
#BNO080 0.2291 0.6617 -0.2408 0.6721 1590709988.426337957
#BNO080 0.2290 0.6619 -0.2407 0.6720 1590709988.510200023
#BNO080 0.2283 0.6620 -0.2410 0.6719 1590709988.550954103
#BNO080 0.2276 0.6623 -0.2407 0.6721 1590709988.560154914
#BNO080 0.2271 0.6623 -0.2407 0.6722 1590709988.668171882
#BNO080 0.2264 0.6622 -0.2403 0.6726 1590709988.692425012
#BNO080 0.2264 0.6620 -0.2401 0.6729 1590709988.749222993
#BNO080 0.2258 0.6618 -0.2397 0.6735 1590709988.765050888
#BNO080 0.2264 0.6614 -0.2397 0.6736 1590709988.832458019
#BNO080 0.2256 0.6617 -0.2391 0.6738 1590709988.966501951
#BNO080 0.2244 0.6624 -0.2386 0.6738 1590709989.36554098
#BNO080 0.2243 0.6622 -0.2385 0.6740 1590709989.94163894
#BNO080 0.2237 0.6624 -0.2384 0.6740 1590709989.137322902
#BNO080 0.2231 0.6625 -0.2379 0.6744 1590709989.177897930
#BNO080 0.2231 0.6623 -0.2377 0.6746 1590709989.239366054
#BNO080 0.2229 0.6622 -0.2375 0.6749 1590709989.288157939
#BNO080 0.2228 0.6620 -0.2374 0.6751 1590709989.332173109
#BNO080 0.2216 0.6624 -0.2372 0.6752 1590709989.365216016
#BNO080 0.2211 0.6625 -0.2372 0.6752 1590709989.462543010
#BNO080 0.2209 0.6626 -0.2375 0.6751 1590709989.475095987
#BNO080 0.2202 0.6628 -0.2374 0.6751 1590709989.511413097
#BNO080 0.2198 0.6629 -0.2372 0.6752 1590709989.623035907
#BNO080 0.2194 0.6628 -0.2372 0.6755 1590709989.653757095
#BNO080 0.2196 0.6625 -0.2374 0.6757 1590709989.708836078
#BNO080 0.2195 0.6622 -0.2375 0.6759 1590709989.787174940
#BNO080 0.2195 0.6621 -0.2380 0.6758 1590709989.848999977
#BNO080 0.2189 0.6622 -0.2381 0.6759 1590709989.882059097
#BNO080 0.2188 0.6622 -0.2379 0.6761 1590709989.930249929
#BNO080 0.2184 0.6622 -0.2378 0.6762 1590709989.988920927
#BNO080 0.2189 0.6619 -0.2374 0.6765 1590709990.56740999
#BNO080 0.2189 0.6618 -0.2371 0.6767 1590709990.83340883
#BNO080 0.2191 0.6616 -0.2366 0.6770 1590709990.189434051
#BNO080 0.2184 0.6617 -0.2365 0.6771 1590709990.251460075
#BNO080 0.2187 0.6616 -0.2368 0.6771 1590709990.276177883
#BNO080 0.2180 0.6616 -0.2369 0.6772 1590709990.348483085
#BNO080 0.2174 0.6616 -0.2372 0.6772 1590709993.154171943
#BNO080 0.2172 0.6617 -0.2371 0.6774 1590709993.182740926
#BNO080 0.2196 0.6620 -0.2394 0.6755 1590709993.269818067
#BNO080 0.2194 0.6617 -0.2394 0.6758 1590709993.300262928
#BNO080 0.2187 0.6614 -0.2393 0.6763 1590709993.325809001
#BNO080 0.2181 0.6611 -0.2391 0.6768 1590709993.365633010
#BNO080 0.2172 0.6611 -0.2390 0.6772 1590709993.485863924
#BNO080 0.2166 0.6611 -0.2390 0.6775 1590709993.510993957
#BNO080 0.2159 0.6615 -0.2384 0.6775 1590709993.557301998
#BNO080 0.2159 0.6617 -0.2382 0.6773 1590709993.602287054
#BNO080 0.2166 0.6621 -0.2376 0.6769 1590709993.698016881
#BNO080 0.2170 0.6623 -0.2375 0.6766 1590709993.737814903
#BNO080 0.2175 0.6623 -0.2375 0.6765 1590709993.796946048
#BNO080 0.2175 0.6624 -0.2377 0.6763 1590709993.855665922
#BNO080 0.2178 0.6624 -0.2381 0.6761 1590709993.896030902
#BNO080 0.2184 0.6620 -0.2394 0.6758 1590709994.10575056
#BNO080 0.2191 0.6619 -0.2402 0.6754 1590709994.41018962
#BNO080 0.2189 0.6623 -0.2405 0.6750 1590709994.117255926
#BNO080 0.2192 0.6630 -0.2403 0.6742 1590709994.229984045
#BNO080 0.2195 0.6630 -0.2402 0.6742 1590709994.297348976
#BNO080 0.2193 0.6631 -0.2395 0.6744 1590709994.355165004
#BNO080 0.2190 0.6629 -0.2390 0.6749 1590709994.382230997
#BNO080 0.2187 0.6627 -0.2384 0.6754 1590709994.444837093
#BNO080 0.2184 0.6625 -0.2377 0.6760 1590709994.556865930
#BNO080 0.2183 0.6623 -0.2377 0.6761 1590709994.580460071
#BNO080 0.2181 0.6622 -0.2374 0.6765 1590709994.617543935
#BNO080 0.2181 0.6619 -0.2379 0.6766 1590709994.635354995
#BNO080 0.2184 0.6616 -0.2387 0.6765 1590709994.741446018
#BNO080 0.2186 0.6615 -0.2393 0.6763 1590709994.795640945
#BNO080 0.2192 0.6615 -0.2396 0.6760 1590709994.865262985
#BNO080 0.2197 0.6616 -0.2404 0.6755 1590709994.881927967
#BNO080 0.2203 0.6619 -0.2406 0.6749 1590709995.29239892
#BNO080 0.2203 0.6620 -0.2404 0.6749 1590709995.64934968
#BNO080 0.2204 0.6620 -0.2405 0.6748 1590709995.96237897
#BNO080 0.2198 0.6622 -0.2399 0.6750 1590709995.146122932
#BNO080 0.2198 0.6621 -0.2399 0.6751 1590709995.233267068
#BNO080 0.2192 0.6622 -0.2396 0.6753 1590709995.269452095
#BNO080 0.2194 0.6620 -0.2398 0.6753 1590709995.323151111
#BNO080 0.2186 0.6623 -0.2397 0.6754 1590709995.346848964
#BNO080 0.2184 0.6625 -0.2396 0.6753 1590709995.400480985
#BNO080 0.2181 0.6626 -0.2396 0.6752 1590709995.438344955
#BNO080 0.2183 0.6627 -0.2394 0.6752 1590709995.491457939
#BNO080 0.2185 0.6625 -0.2394 0.6752 1590709995.561602115
#BNO080 0.2189 0.6624 -0.2391 0.6754 1590709995.615669012
#BNO080 0.2192 0.6620 -0.2392 0.6756 1590709995.691171884
#BNO080 0.2188 0.6619 -0.2386 0.6760 1590709995.752614974
#BNO080 0.2186 0.6616 -0.2388 0.6763 1590709995.785075902
#BNO080 0.2180 0.6612 -0.2384 0.6771 1590709995.834779977
#BNO080 0.2177 0.6609 -0.2384 0.6774 1590709995.896470069
#BNO080 0.2180 0.6605 -0.2385 0.6777 1590709995.928289890
#BNO080 0.2175 0.6605 -0.2382 0.6780 1590709996.10329961
#BNO080 0.2172 0.6606 -0.2380 0.6780 1590709996.64271926
#BNO080 0.2175 0.6606 -0.2382 0.6779 1590709996.97359895
#BNO080 0.2170 0.6611 -0.2379 0.6777 1590709996.150402069
#BNO080 0.2173 0.6613 -0.2380 0.6773 1590709996.213207960
#BNO080 0.2173 0.6617 -0.2383 0.6768 1590709996.245538949
#BNO080 0.2174 0.6620 -0.2385 0.6764 1590709996.298067092
#BNO080 0.2179 0.6621 -0.2390 0.6760 1590709996.369031906
#BNO080 0.2175 0.6623 -0.2389 0.6760 1590709996.419222116
#BNO080 0.2182 0.6620 -0.2394 0.6758 1590709996.446378946
#BNO080 0.2178 0.6622 -0.2393 0.6759 1590709996.480779886
#BNO080 0.2181 0.6619 -0.2396 0.6760 1590709996.553052902
#BNO080 0.2179 0.6618 -0.2394 0.6761 1590709996.597043991
#BNO080 0.2180 0.6616 -0.2401 0.6761 1590709996.664982080
#BNO080 0.2175 0.6617 -0.2397 0.6762 1590709996.684849023
#BNO080 0.2174 0.6618 -0.2398 0.6762 1590709996.737519979
#BNO080 0.2174 0.6619 -0.2396 0.6762 1590709996.780081033
#BNO080 0.2175 0.6620 -0.2396 0.6761 1590709996.873883962
#BNO080 0.2177 0.6620 -0.2393 0.6761 1590709996.893912076
#BNO080 0.2176 0.6622 -0.2393 0.6760 1590709996.935919046
#BNO080 0.2174 0.6623 -0.2389 0.6760 1590709996.987078905
#BNO080 0.2172 0.6625 -0.2386 0.6760 1590709997.49767971
#BNO080 0.2172 0.6624 -0.2384 0.6761 1590709997.112960100
#BNO080 0.2165 0.6626 -0.2377 0.6765 1590709997.154090881
#BNO080 0.2164 0.6624 -0.2374 0.6768 1590709997.188177108
#BNO080 0.2159 0.6624 -0.2368 0.6772 1590709997.270136117
#BNO080 0.2155 0.6623 -0.2364 0.6775 1590709997.321847915
#BNO080 0.2155 0.6620 -0.2363 0.6778 1590709997.341382980
#BNO080 0.2153 0.6619 -0.2368 0.6779 1590709997.414334058
#BNO080 0.2148 0.6620 -0.2367 0.6779 1590709997.428096055
#BNO080 0.2145 0.6621 -0.2369 0.6779 1590709997.494055986
#BNO080 0.2151 0.6620 -0.2374 0.6776 1590709997.586921930
#BNO080 0.2153 0.6621 -0.2376 0.6774 1590709997.617264032
#BNO080 0.2155 0.6623 -0.2376 0.6771 1590709997.663981914
#BNO080 0.2156 0.6623 -0.2379 0.6769 1590709997.726059913
#BNO080 0.2152 0.6627 -0.2379 0.6768 1590709997.764036893
#BNO080 0.2149 0.6627 -0.2380 0.6768 1590709997.835405111
#BNO080 0.2144 0.6628 -0.2376 0.6770 1590709997.904923915
#BNO080 0.2139 0.6628 -0.2375 0.6771 1590709997.978620052
#BNO080 0.2130 0.6628 -0.2362 0.6780 1590709998.34559011
#BNO080 0.2106 0.6619 -0.2328 0.6807 1590709998.170245885
#BNO080 0.2127 0.5509 -0.1165 0.7986 1590709999.368382930
#BNO080 0.2137 0.5457 -0.1129 0.8024 1590709999.432380914
#BNO080 0.2150 0.5402 -0.1096 0.8062 1590709999.448470115
#BNO080 0.2153 0.5350 -0.1060 0.8101 1590709999.476334095
#BNO080 0.2166 0.5298 -0.1027 0.8135 1590709999.526168107
#BNO080 0.2186 0.5247 -0.1002 0.8166 1590709999.546441078
#BNO080 0.2198 0.5194 -0.0970 0.8201 1590709999.615402936
#BNO080 0.2215 0.5137 -0.0937 0.8236 1590709999.658875942
#BNO080 0.2231 0.5078 -0.0905 0.8271 1590709999.696788072
#BNO080 0.2245 0.5016 -0.0869 0.8309 1590709999.773045063
#BNO080 0.2265 0.4952 -0.0834 0.8346 1590709999.795685052
#BNO080 0.2285 0.4885 -0.0801 0.8383 1590709999.899707078
#BNO080 0.2308 0.4818 -0.0765 0.8419 1590709999.928632020
#BNO080 0.2347 0.4749 -0.0751 0.8448 1590709999.961462020
#BNO080 0.2375 0.4683 -0.0725 0.8480 1590709999.987827062
#BNO080 0.2419 0.4613 -0.0707 0.8507 1590710000.39318084
#BNO080 0.2455 0.4544 -0.0685 0.8536 1590710000.105046033
#BNO080 0.2486 0.4482 -0.0670 0.8560 1590710000.137319087
#BNO080 0.2496 0.4426 -0.0645 0.8589 1590710000.190979957
#BNO080 0.2507 0.4375 -0.0622 0.8613 1590710000.251996994
#BNO080 0.2529 0.4323 -0.0601 0.8635 1590710000.300309896
#BNO080 0.2548 0.4274 -0.0580 0.8655 1590710000.366245031
#BNO080 0.2568 0.4225 -0.0557 0.8674 1590710000.381376981
#BNO080 0.2582 0.4173 -0.0527 0.8697 1590710000.431883096
#BNO080 0.2596 0.4119 -0.0500 0.8720 1590710000.483217954
#BNO080 0.2619 0.4062 -0.0483 0.8741 1590710000.544441938
#BNO080 0.2614 0.4005 -0.0450 0.8771 1590710000.591844081
#BNO080 0.2617 0.3946 -0.0427 0.8798 1590710000.636362075
#BNO080 0.2632 0.3885 -0.0403 0.8821 1590710000.688483953
#BNO080 0.2640 0.3824 -0.0381 0.8846 1590710000.731456995
#BNO080 0.2649 0.3764 -0.0359 0.8870 1590710000.782951116
#BNO080 0.2661 0.3701 -0.0341 0.8894 1590710000.830328941
#BNO080 0.2662 0.3638 -0.0321 0.8920 1590710000.898298978
#BNO080 0.2677 0.3573 -0.0312 0.8943 1590710000.943506002
#BNO080 0.2700 0.3508 -0.0305 0.8962 1590710000.987941026
#BNO080 0.2717 0.3445 -0.0295 0.8981 1590710001.31894922
#BNO080 0.2723 0.3387 -0.0281 0.9002 1590710001.95917940
#BNO080 0.2730 0.3329 -0.0269 0.9022 1590710001.140167951
#BNO080 0.2738 0.3274 -0.0255 0.9040 1590710001.187669038
#BNO080 0.2742 0.3223 -0.0239 0.9058 1590710001.235331058
#BNO080 0.2750 0.3174 -0.0226 0.9072 1590710001.283970117
#BNO080 0.2770 0.3127 -0.0212 0.9083 1590710001.331228017
#BNO080 0.2772 0.3082 -0.0192 0.9099 1590710001.402498960
#BNO080 0.2766 0.3038 -0.0165 0.9116 1590710001.446002006
#BNO080 0.2769 0.2992 -0.0146 0.9130 1590710001.493756055
#BNO080 0.2778 0.2947 -0.0134 0.9142 1590710001.536118984
#BNO080 0.2781 0.2900 -0.0117 0.9156 1590710001.581989049
#BNO080 0.2784 0.2854 -0.0098 0.9170 1590710001.647543907
#BNO080 0.2784 0.2803 -0.0071 0.9186 1590710001.692553997
#BNO080 0.2781 0.2748 -0.0052 0.9203 1590710001.739923000
#BNO080 0.2770 0.2691 -0.0032 0.9224 1590710001.786847114
#BNO080 0.2756 0.2631 -0.0013 0.9246 1590710001.830634117
#BNO080 0.2747 0.2570 -0.0001 0.9266 1590710001.896831035
#BNO080 0.2745 0.2509 0.0011 0.9283 1590710001.944163084
#BNO080 0.2740 0.2446 0.0022 0.9301 1590710001.993210077
#BNO080 0.2733 0.2379 0.0034 0.9321 1590710002.37921905
#BNO080 0.2726 0.2309 0.0046 0.9340 1590710002.89329004
#BNO080 0.2721 0.2243 0.0059 0.9357 1590710002.139012098
#BNO080 0.2726 0.2178 0.0068 0.9371 1590710002.187591075
#BNO080 0.2722 0.2118 0.0076 0.9386 1590710002.254077911
#BNO080 0.2728 0.2059 0.0092 0.9398 1590710002.312541961
#BNO080 0.2728 0.1870 0.0126 0.9437 1590710002.462930917
#BNO080 0.2722 0.1805 0.0135 0.9451 1590710002.500848054
#BNO080 0.2723 0.1738 0.0142 0.9463 1590710002.553555011
#BNO080 0.2728 0.1674 0.0150 0.9473 1590710002.588704109
#BNO080 0.2723 0.1613 0.0164 0.9484 1590710002.657020092
#BNO080 0.2726 0.1490 0.0185 0.9503 1590710002.751261949
#BNO080 0.2715 0.1430 0.0192 0.9515 1590710002.797518968
#BNO080 0.2709 0.1367 0.0198 0.9526 1590710002.849311113
#BNO080 0.2706 0.1300 0.0204 0.9537 1590710002.933383941
#BNO080 0.2698 0.1232 0.0208 0.9548 1590710002.957621097
#BNO080 0.2694 0.1166 0.0214 0.9557 1590710003.10247945
#BNO080 0.2692 0.1104 0.0217 0.9565 1590710003.52762985
#BNO080 0.2701 0.1049 0.0221 0.9568 1590710003.95135927
#BNO080 0.2706 0.1002 0.0225 0.9572 1590710003.165599107
#BNO080 0.2709 0.0958 0.0234 0.9576 1590710003.198714017
#BNO080 0.2703 0.0923 0.0240 0.9581 1590710003.258857965
#BNO080 0.2667 0.0901 0.0244 0.9592 1590710003.307506084
#BNO080 0.2657 0.0897 0.0245 0.9595 1590710003.390527963
#BNO080 0.2664 0.0911 0.0242 0.9592 1590710003.432945966
#BNO080 0.2665 0.0925 0.0235 0.9591 1590710003.442246913
#BNO080 0.2665 0.0931 0.0227 0.9590 1590710003.515502929
#BNO080 0.2656 0.0931 0.0220 0.9594 1590710003.540990114
#BNO080 0.2640 0.0925 0.0214 0.9598 1590710003.604907035
#BNO080 0.2634 0.0919 0.0211 0.9601 1590710003.658452033
#BNO080 0.2634 0.0914 0.0209 0.9601 1590710003.713028907
#BNO080 0.2628 0.0913 0.0208 0.9603 1590710003.747848033
#BNO080 0.2634 0.0914 0.0202 0.9601 1590710003.795119047
#BNO080 0.2631 0.0918 0.0198 0.9602 1590710003.852699041
#BNO080 0.2629 0.0922 0.0195 0.9602 1590710003.907819986
#BNO080 0.2636 0.0924 0.0189 0.9600 1590710003.947415113
#BNO080 0.2630 0.0922 0.0183 0.9602 1590710004.9388923
#BNO080 0.2633 0.0919 0.0178 0.9601 1590710004.44764995
#BNO080 0.2629 0.0914 0.0175 0.9603 1590710004.95117092
#BNO080 0.2631 0.0912 0.0171 0.9603 1590710004.161202907
#BNO080 0.2631 0.0913 0.0167 0.9603 1590710004.213618040
#BNO080 0.2626 0.0913 0.0162 0.9604 1590710004.242269039
#BNO080 0.2626 0.0915 0.0156 0.9604 1590710004.304686069
#BNO080 0.2628 0.0917 0.0151 0.9604 1590710004.355246067
#BNO080 0.2627 0.0919 0.0150 0.9604 1590710004.394413948
#BNO080 0.2634 0.0923 0.0150 0.9601 1590710004.448473930
#BNO080 0.2625 0.0927 0.0151 0.9603 1590710004.516473054
#BNO080 0.2625 0.0925 0.0152 0.9603 1590710004.558104991
#BNO080 0.2625 0.0925 0.0150 0.9604 1590710004.620265960
#BNO080 0.2625 0.0926 0.0150 0.9604 1590710004.667646884
#BNO080 0.2631 0.0927 0.0147 0.9602 1590710004.699908971
#BNO080 0.2629 0.0928 0.0145 0.9603 1590710004.768330097
#BNO080 0.2629 0.0930 0.0145 0.9602 1590710004.800663948
#BNO080 0.2627 0.0934 0.0146 0.9602 1590710004.856087923
#BNO080 0.2631 0.0941 0.0146 0.9601 1590710004.926975965
#BNO080 0.2625 0.0946 0.0146 0.9601 1590710004.948766946
#BNO080 0.2623 0.0952 0.0146 0.9601 1590710005.58083057
#BNO080 0.2623 0.0954 0.0146 0.9601 1590710005.121143102
#BNO080 0.2625 0.0955 0.0146 0.9601 1590710005.146244049
#BNO080 0.2629 0.0955 0.0144 0.9600 1590710005.244926929
#BNO080 0.2632 0.0958 0.0142 0.9598 1590710005.324892044
#BNO080 0.2632 0.0961 0.0140 0.9598 1590710005.365456104
#BNO080 0.2634 0.0966 0.0138 0.9597 1590710005.416815042
#BNO080 0.2630 0.0969 0.0135 0.9598 1590710005.465823888
#BNO080 0.2632 0.0970 0.0133 0.9598 1590710005.543960094
#BNO080 0.2637 0.0972 0.0131 0.9596 1590710005.573677062
#BNO080 0.2638 0.0972 0.0129 0.9596 1590710005.591037988
#BNO080 0.2635 0.0970 0.0129 0.9597 1590710005.670577049
#BNO080 0.2632 0.0968 0.0128 0.9598 1590710005.729063987
#BNO080 0.2626 0.0966 0.0128 0.9600 1590710005.760226011
#BNO080 0.2626 0.0964 0.0129 0.9600 1590710005.837192058
#BNO080 0.2625 0.0964 0.0127 0.9600 1590710005.859812021
#BNO080 0.2627 0.0966 0.0125 0.9600 1590710005.925659894
#BNO080 0.2633 0.0969 0.0120 0.9598 1590710005.970643043
#BNO080 0.2637 0.0972 0.0115 0.9597 1590710006.30699968
#BNO080 0.2645 0.0976 0.0111 0.9594 1590710006.63054084
#BNO080 0.2643 0.0980 0.0108 0.9594 1590710006.118525028
#BNO080 0.2646 0.0981 0.0104 0.9593 1590710006.142213106
#BNO080 0.2649 0.0980 0.0102 0.9592 1590710006.207875967
#BNO080 0.2646 0.0977 0.0102 0.9594 1590710006.259851932
#BNO080 0.2650 0.0975 0.0101 0.9592 1590710006.319013118
#BNO080 0.2647 0.0972 0.0101 0.9594 1590710006.348494052
#BNO080 0.2648 0.0971 0.0099 0.9594 1590710006.396301984
#BNO080 0.2651 0.0972 0.0096 0.9593 1590710006.468532085
#BNO080 0.2646 0.0974 0.0093 0.9594 1590710006.508660078
#BNO080 0.2651 0.0975 0.0088 0.9592 1590710006.601567983
#BNO080 0.2650 0.0974 0.0083 0.9593 1590710006.630198955
#BNO080 0.2655 0.0972 0.0076 0.9592 1590710006.661573886
#BNO080 0.2654 0.0970 0.0068 0.9592 1590710006.719181060
#BNO080 0.2655 0.0969 0.0060 0.9592 1590710006.747376918
#BNO080 0.2659 0.0967 0.0052 0.9591 1590710006.806606054
#BNO080 0.2666 0.0968 0.0045 0.9589 1590710006.853744983
#BNO080 0.2668 0.0967 0.0040 0.9589 1590710006.903438091
#BNO080 0.2669 0.0967 0.0037 0.9589 1590710006.961868047
#BNO080 0.2673 0.0969 0.0036 0.9587 1590710006.996800899
#BNO080 0.2672 0.0971 0.0037 0.9587 1590710007.75433969
#BNO080 0.2672 0.0974 0.0038 0.9587 1590710007.117748022
#BNO080 0.2665 0.0975 0.0042 0.9589 1590710007.187946081
#BNO080 0.2667 0.0977 0.0043 0.9588 1590710007.222579002
#BNO080 0.2660 0.0979 0.0045 0.9590 1590710007.282752037
#BNO080 0.2654 0.0983 0.0047 0.9591 1590710007.303607940
#BNO080 0.2653 0.0988 0.0048 0.9591 1590710007.369296073
#BNO080 0.2651 0.0992 0.0048 0.9591 1590710007.404660940
#BNO080 0.2658 0.0996 0.0046 0.9589 1590710007.463282108
#BNO080 0.2658 0.1000 0.0043 0.9588 1590710007.565330982
#BNO080 0.2659 0.1002 0.0039 0.9587 1590710007.605846881
#BNO080 0.2656 0.1000 0.0037 0.9589 1590710007.684259891
#BNO080 0.2663 0.0999 0.0033 0.9587 1590710007.717154979
#BNO080 0.2661 0.0992 0.0026 0.9589 1590710007.804956912
#BNO080 0.2657 0.0988 0.0022 0.9590 1590710007.866236925
#BNO080 0.2657 0.0985 0.0019 0.9590 1590710007.899458885
#BNO080 0.2656 0.0983 0.0016 0.9590 1590710007.961529970
#BNO080 0.2651 0.0982 0.0013 0.9592 1590710008.18299102
#BNO080 0.2651 0.0982 0.0010 0.9592 1590710008.100370883
#BNO080 0.2643 0.0983 0.0007 0.9594 1590710008.116405963
#BNO080 0.2649 0.0984 0.0006 0.9592 1590710008.179225921
#BNO080 0.2646 0.0987 0.0005 0.9593 1590710008.220464944
#BNO080 0.2650 0.0989 0.0005 0.9592 1590710008.292758941
#BNO080 0.2654 0.0990 0.0007 0.9590 1590710008.304792881
#BNO080 0.2651 0.0991 0.0010 0.9591 1590710008.367953062
#BNO080 0.2653 0.0992 0.0011 0.9590 1590710008.409715890
#BNO080 0.2648 0.0992 0.0012 0.9592 1590710008.456252098
#BNO080 0.2652 0.0993 0.0010 0.9590 1590710008.523327112
#BNO080 0.2653 0.0994 0.0007 0.9590 1590710008.555766105
#BNO080 0.2653 0.0995 0.0004 0.9590 1590710008.614661931
#BNO080 0.2656 0.0998 0.0001 0.9589 1590710008.721611976
#BNO080 0.2653 0.0997 -0.0001 0.9590 1590710008.735683917
#BNO080 0.2653 0.0997 -0.0003 0.9590 1590710008.765484094
#BNO080 0.2648 0.0996 -0.0005 0.9592 1590710008.825052976
#BNO080 0.2643 0.0993 -0.0010 0.9593 1590710008.857314109
#BNO080 0.2639 0.0990 -0.0014 0.9595 1590710008.924067974
#BNO080 0.2640 0.0987 -0.0017 0.9595 1590710008.964219093
#BNO080 0.2637 0.0986 -0.0020 0.9595 1590710009.26063919
#BNO080 0.2639 0.0986 -0.0023 0.9595 1590710009.59545993
#BNO080 0.2637 0.0987 -0.0026 0.9595 1590710009.119479894
#BNO080 0.2643 0.0988 -0.0029 0.9594 1590710009.175363063
#BNO080 0.2640 0.0989 -0.0031 0.9594 1590710009.209213018
#BNO080 0.2645 0.0989 -0.0032 0.9593 1590710009.269607067
#BNO080 0.2642 0.0991 -0.0033 0.9594 1590710009.323399066
#BNO080 0.2645 0.0991 -0.0033 0.9593 1590710009.364211082
#BNO080 0.2648 0.0994 -0.0034 0.9592 1590710009.420473098
#BNO080 0.2648 0.0997 -0.0035 0.9592 1590710009.453061103
#BNO080 0.2651 0.1001 -0.0035 0.9590 1590710009.516659975
#BNO080 0.2649 0.1005 -0.0038 0.9590 1590710009.566034078
#BNO080 0.2643 0.1006 -0.0040 0.9592 1590710009.615329027
#BNO080 0.2646 0.1006 -0.0045 0.9590 1590710009.656467914
#BNO080 0.2635 0.1008 -0.0047 0.9594 1590710009.710055112
#BNO080 0.2635 0.1010 -0.0049 0.9594 1590710009.759634971
#BNO080 0.2637 0.1012 -0.0051 0.9593 1590710009.818567991
#BNO080 0.2637 0.1013 -0.0051 0.9592 1590710009.882194042
#BNO080 0.2638 0.1014 -0.0051 0.9592 1590710009.925683975
#BNO080 0.2641 0.1016 -0.0049 0.9591 1590710009.964967012
#BNO080 0.2639 0.1019 -0.0048 0.9592 1590710010.46282052
#BNO080 0.2638 0.1020 -0.0047 0.9592 1590710010.78737974
#BNO080 0.2640 0.1020 -0.0047 0.9591 1590710010.108522891
#BNO080 0.2639 0.1018 -0.0048 0.9591 1590710010.183949947
#BNO080 0.2639 0.1016 -0.0048 0.9592 1590710010.227047920
#BNO080 0.2634 0.1015 -0.0048 0.9593 1590710010.253844976
#BNO080 0.2635 0.1015 -0.0049 0.9593 1590710010.313285112
#BNO080 0.2629 0.1014 -0.0049 0.9595 1590710010.380664110
#BNO080 0.2626 0.1014 -0.0048 0.9595 1590710010.401323080
#BNO080 0.2630 0.1014 -0.0051 0.9594 1590710010.464725017
#BNO080 0.2625 0.1015 -0.0053 0.9596 1590710010.522453069
#BNO080 0.2634 0.1016 -0.0059 0.9593 1590710010.566973924
#BNO080 0.2636 0.1017 -0.0073 0.9592 1590710010.604721069
#BNO080 0.2634 0.1019 -0.0094 0.9592 1590710010.670564889
#BNO080 0.2645 0.1019 -0.0114 0.9589 1590710010.721472024
#BNO080 0.2653 0.1020 -0.0137 0.9587 1590710010.794492006
#BNO080 0.2646 0.1021 -0.0163 0.9588 1590710010.809557914
#BNO080 0.2643 0.1019 -0.0190 0.9589 1590710010.867574930
#BNO080 0.2641 0.1016 -0.0217 0.9589 1590710010.918831110
#BNO080 0.2646 0.1014 -0.0249 0.9587 1590710010.967566967
#BNO080 0.2637 0.1006 -0.0281 0.9589 1590710011.12784004
#BNO080 0.2640 0.0994 -0.0313 0.9589 1590710011.65572977
#BNO080 0.2643 0.0980 -0.0349 0.9588 1590710011.132973909
#BNO080 0.2635 0.0966 -0.0391 0.9590 1590710011.173516988
#BNO080 0.2633 0.0952 -0.0441 0.9590 1590710011.218777894
#BNO080 0.2647 0.0936 -0.0496 0.9585 1590710011.250365018
#BNO080 0.2652 0.0925 -0.0553 0.9581 1590710011.342922925
#BNO080 0.2659 0.0914 -0.0615 0.9577 1590710011.368670940
#BNO080 0.2670 0.0902 -0.0678 0.9571 1590710011.423933029
#BNO080 0.2681 0.0890 -0.0741 0.9564 1590710011.464750051
#BNO080 0.2697 0.0877 -0.0802 0.9556 1590710011.524454116
#BNO080 0.2708 0.0865 -0.0862 0.9549 1590710011.553189039
#BNO080 0.2723 0.0853 -0.0920 0.9540 1590710011.608164072
#BNO080 0.2733 0.0839 -0.0977 0.9533 1590710011.659030914
#BNO080 0.2724 0.0827 -0.1034 0.9530 1590710011.705332040
#BNO080 0.2731 0.0813 -0.1092 0.9523 1590710011.753848075
#BNO080 0.2728 0.0799 -0.1155 0.9518 1590710011.826409101
#BNO080 0.2729 0.0784 -0.1224 0.9510 1590710011.869044065
#BNO080 0.2731 0.0768 -0.1296 0.9501 1590710011.916188001
#BNO080 0.2740 0.0751 -0.1373 0.9489 1590710011.963232040
#BNO080 0.2745 0.0735 -0.1454 0.9477 1590710012.6350040
#BNO080 0.2755 0.0716 -0.1539 0.9462 1590710012.54747104
#BNO080 0.2767 0.0695 -0.1620 0.9446 1590710012.103241920
#BNO080 0.2782 0.0671 -0.1699 0.9430 1590710012.148272037
#BNO080 0.2790 0.0648 -0.1776 0.9415 1590710012.216237068
#BNO080 0.2795 0.0626 -0.1855 0.9399 1590710012.269449949
#BNO080 0.2806 0.0607 -0.1937 0.9381 1590710012.312257051
#BNO080 0.2825 0.0583 -0.2011 0.9361 1590710012.360219001
#BNO080 0.2829 0.0562 -0.2078 0.9347 1590710012.402064085
#BNO080 0.2834 0.0542 -0.2144 0.9331 1590710012.455101966
#BNO080 0.2849 0.0521 -0.2210 0.9313 1590710012.500463008
#BNO080 0.2858 0.0495 -0.2280 0.9294 1590710012.553349971
#BNO080 0.2871 0.0466 -0.2354 0.9274 1590710012.617121934
#BNO080 0.2884 0.0439 -0.2437 0.9250 1590710012.665497064
#BNO080 0.2884 0.0411 -0.2524 0.9227 1590710012.709326982
#BNO080 0.2887 0.0384 -0.2620 0.9200 1590710012.755640029
#BNO080 0.2892 0.0352 -0.2719 0.9172 1590710012.817433118
#BNO080 0.2881 0.0323 -0.2821 0.9146 1590710012.864114046
#BNO080 0.2886 0.0292 -0.2932 0.9110 1590710012.907646894
#BNO080 0.2889 0.0264 -0.3035 0.9076 1590710012.955822944
#BNO080 0.2871 0.0242 -0.3135 0.9048 1590710013.3350019
#BNO080 0.2862 0.0223 -0.3232 0.9017 1590710013.70962905
#BNO080 0.2857 0.0206 -0.3325 0.8986 1590710013.117923974
#BNO080 0.2855 0.0190 -0.3416 0.8953 1590710013.159115076
#BNO080 0.2849 0.0175 -0.3503 0.8921 1590710013.208050012
#BNO080 0.2854 0.0155 -0.3586 0.8887 1590710013.254435062
#BNO080 0.2863 0.0135 -0.3666 0.8851 1590710013.324060916
#BNO080 0.2870 0.0117 -0.3738 0.8819 1590710013.369916915
#BNO080 0.2878 0.0101 -0.3806 0.8787 1590710013.417105913
#BNO080 0.2886 0.0084 -0.3882 0.8752 1590710013.460014104
#BNO080 0.2887 0.0071 -0.3959 0.8717 1590710013.511411905
#BNO080 0.2882 0.0056 -0.4036 0.8683 1590710013.559602975
#BNO080 0.2886 0.0037 -0.4111 0.8647 1590710013.603264093
#BNO080 0.2876 0.0022 -0.4177 0.8619 1590710013.669424057
#BNO080 0.2862 0.0008 -0.4243 0.8591 1590710013.712238073
#BNO080 0.2842 -0.0004 -0.4312 0.8563 1590710013.759741067
#BNO080 0.2830 -0.0024 -0.4380 0.8533 1590710013.821873903
#BNO080 0.2831 -0.0050 -0.4446 0.8498 1590710013.869318008
#BNO080 0.2813 -0.0063 -0.4496 0.8478 1590710013.912597894
#BNO080 0.2808 -0.0076 -0.4537 0.8457 1590710013.956121921
#BNO080 0.2793 -0.0078 -0.4573 0.8443 1590710014.5156040
#BNO080 0.2794 -0.0082 -0.4598 0.8429 1590710014.72427034
#BNO080 0.2787 -0.0079 -0.4622 0.8418 1590710014.117634057
#BNO080 0.2779 -0.0072 -0.4642 0.8410 1590710014.159840106
#BNO080 0.2774 -0.0063 -0.4661 0.8401 1590710014.210688114
#BNO080 0.2770 -0.0058 -0.4675 0.8395 1590710014.257297039
#BNO080 0.2772 -0.0058 -0.4684 0.8389 1590710014.321501016
#BNO080 0.2766 -0.0052 -0.4700 0.8382 1590710014.371943950
#BNO080 0.2759 -0.0047 -0.4716 0.8375 1590710014.417990922
#BNO080 0.2742 -0.0043 -0.4734 0.8370 1590710014.462594032
#BNO080 0.2728 -0.0040 -0.4752 0.8365 1590710014.509577989
#BNO080 0.2722 -0.0044 -0.4770 0.8357 1590710014.572535991
#BNO080 0.2715 -0.0046 -0.4791 0.8347 1590710014.620917081
#BNO080 0.2705 -0.0046 -0.4816 0.8336 1590710014.673559904
#BNO080 0.2701 -0.0047 -0.4844 0.8321 1590710014.713650941
#BNO080 0.2689 -0.0044 -0.4875 0.8307 1590710014.761168003
#BNO080 0.2684 -0.0043 -0.4903 0.8292 1590710014.810569047
#BNO080 0.2686 -0.0044 -0.4929 0.8276 1590710014.872889995
#BNO080 0.2679 -0.0042 -0.4951 0.8265 1590710014.921070098
#BNO080 0.2684 -0.0046 -0.4973 0.8250 1590710014.964517116
#BNO080 0.2669 -0.0042 -0.4998 0.8240 1590710015.8147954
#BNO080 0.2681 -0.0049 -0.5016 0.8224 1590710015.72802066
#BNO080 0.2681 -0.0045 -0.5035 0.8213 1590710015.117696046
#BNO080 0.2686 -0.0043 -0.5054 0.8200 1590710015.164161920
#BNO080 0.2685 -0.0040 -0.5074 0.8188 1590710015.211731910
#BNO080 0.2683 -0.0038 -0.5098 0.8174 1590710015.260726928
#BNO080 0.2674 -0.0032 -0.5120 0.8163 1590710015.311188936
#BNO080 0.2679 -0.0034 -0.5136 0.8151 1590710015.357382059
#BNO080 0.2687 -0.0035 -0.5146 0.8141 1590710015.430242061
#BNO080 0.2689 -0.0032 -0.5153 0.8137 1590710015.472603082
#BNO080 0.2698 -0.0028 -0.5151 0.8135 1590710015.514918088
#BNO080 0.2703 -0.0021 -0.5152 0.8134 1590710015.561851024
#BNO080 0.2703 -0.0015 -0.5148 0.8135 1590710015.609570980
#BNO080 0.2708 -0.0011 -0.5142 0.8138 1590710015.676312923
#BNO080 0.2705 -0.0004 -0.5134 0.8145 1590710015.719989061
#BNO080 0.2706 -0.0001 -0.5125 0.8149 1590710015.768098115
#BNO080 0.2701 0.0005 -0.5120 0.8154 1590710015.813683032
#BNO080 0.2704 0.0009 -0.5111 0.8159 1590710015.858956098
#BNO080 0.2706 0.0016 -0.5104 0.8162 1590710015.923538923
#BNO080 0.2705 0.0024 -0.5095 0.8168 1590710015.970685958
#BNO080 0.2707 0.0031 -0.5087 0.8173 1590710016.18657922
#BNO080 0.2698 0.0038 -0.5078 0.8181 1590710016.63679933
#BNO080 0.2702 0.0039 -0.5070 0.8185 1590710016.113523960
#BNO080 0.2693 0.0045 -0.5062 0.8193 1590710016.159194946
#BNO080 0.2697 0.0044 -0.5052 0.8198 1590710016.225625038
#BNO080 0.2693 0.0048 -0.5046 0.8203 1590710016.266232013
#BNO080 0.2691 0.0050 -0.5038 0.8208 1590710016.317958116
#BNO080 0.2692 0.0052 -0.5034 0.8211 1590710016.365330934
#BNO080 0.2688 0.0058 -0.5029 0.8215 1590710016.410912990
#BNO080 0.2690 0.0063 -0.5021 0.8219 1590710016.475348949
#BNO080 0.2695 0.0065 -0.5016 0.8220 1590710016.521533012
#BNO080 0.2694 0.0070 -0.5010 0.8224 1590710016.567759990
#BNO080 0.2699 0.0071 -0.5002 0.8227 1590710016.615359067
#BNO080 0.2700 0.0074 -0.4995 0.8231 1590710016.660835981
#BNO080 0.2703 0.0076 -0.4987 0.8235 1590710016.732287883
#BNO080 0.2711 0.0078 -0.4976 0.8240 1590710016.772562026
#BNO080 0.2710 0.0086 -0.4963 0.8248 1590710016.816251993
#BNO080 0.2717 0.0089 -0.4954 0.8250 1590710016.864698886
#BNO080 0.2714 0.0095 -0.4948 0.8255 1590710016.933207035
#BNO080 0.2720 0.0097 -0.4942 0.8256 1590710016.975573062
#BNO080 0.2722 0.0102 -0.4933 0.8261 1590710017.22989988
#BNO080 0.2724 0.0105 -0.4924 0.8265 1590710017.68054914
#BNO080 0.2729 0.0105 -0.4916 0.8268 1590710017.111747026
#BNO080 0.2728 0.0108 -0.4908 0.8274 1590710017.183167934
#BNO080 0.2733 0.0107 -0.4900 0.8277 1590710017.225922107
#BNO080 0.2730 0.0110 -0.4893 0.8282 1590710017.272999048
#BNO080 0.2733 0.0112 -0.4888 0.8284 1590710017.324217081
#BNO080 0.2737 0.0116 -0.4884 0.8285 1590710017.370462894
#BNO080 0.2739 0.0120 -0.4878 0.8288 1590710017.416382074
#BNO080 0.2746 0.0121 -0.4873 0.8289 1590710017.459599971
#BNO080 0.2745 0.0125 -0.4868 0.8292 1590710017.526145935
#BNO080 0.2749 0.0125 -0.4863 0.8293 1590710017.567954063
#BNO080 0.2752 0.0126 -0.4858 0.8295 1590710017.614537000
#BNO080 0.2753 0.0128 -0.4853 0.8298 1590710017.678175926
#BNO080 0.2761 0.0128 -0.4849 0.8298 1590710017.726119995
#BNO080 0.2767 0.0131 -0.4843 0.8299 1590710017.774178028
#BNO080 0.2772 0.0135 -0.4839 0.8300 1590710017.821996927
#BNO080 0.2774 0.0138 -0.4835 0.8301 1590710017.863598108
#BNO080 0.2772 0.0142 -0.4828 0.8306 1590710017.927090883
#BNO080 0.2778 0.0142 -0.4819 0.8309 1590710017.972376108
#BNO080 0.2767 0.0149 -0.4810 0.8318 1590710018.15691041
#BNO080 0.2765 0.0151 -0.4802 0.8323 1590710018.78869104
#BNO080 0.2766 0.0152 -0.4794 0.8328 1590710018.127401113
#BNO080 0.2760 0.0157 -0.4786 0.8334 1590710018.174293041
#BNO080 0.2765 0.0157 -0.4779 0.8336 1590710018.213680028
#BNO080 0.2764 0.0160 -0.4773 0.8340 1590710018.277968883
#BNO080 0.2769 0.0161 -0.4768 0.8341 1590710018.327380895
#BNO080 0.2764 0.0168 -0.4763 0.8346 1590710018.373691082
#BNO080 0.2768 0.0170 -0.4758 0.8347 1590710018.417895078
#BNO080 0.2770 0.0173 -0.4753 0.8348 1590710018.478308916
#BNO080 0.2773 0.0176 -0.4748 0.8351 1590710018.525710105
#BNO080 0.2774 0.0179 -0.4742 0.8354 1590710018.570738077
#BNO080 0.2774 0.0181 -0.4736 0.8357 1590710018.616077899
#BNO080 0.2769 0.0184 -0.4732 0.8361 1590710018.679660081
#BNO080 0.2768 0.0185 -0.4728 0.8364 1590710018.731213092
#BNO080 0.2765 0.0188 -0.4724 0.8367 1590710018.776130914
#BNO080 0.2766 0.0189 -0.4720 0.8369 1590710018.825450897
#BNO080 0.2760 0.0193 -0.4717 0.8372 1590710018.869832992
#BNO080 0.2758 0.0198 -0.4711 0.8376 1590710018.919673919
#BNO080 0.2756 0.0207 -0.4708 0.8379 1590710018.965709924
#BNO080 0.2759 0.0210 -0.4704 0.8380 1590710019.29058933
#BNO080 0.2760 0.0214 -0.4699 0.8382 1590710019.74309110
#BNO080 0.2764 0.0214 -0.4694 0.8384 1590710019.122586011
#BNO080 0.2755 0.0218 -0.4689 0.8389 1590710019.170998096
#BNO080 0.2755 0.0217 -0.4683 0.8393 1590710019.217895030
#BNO080 0.2754 0.0215 -0.4678 0.8396 1590710019.281327009
#BNO080 0.2752 0.0215 -0.4673 0.8399 1590710019.334475994
#BNO080 0.2753 0.0214 -0.4670 0.8400 1590710019.369378089
#BNO080 0.2755 0.0214 -0.4668 0.8401 1590710019.417124986
#BNO080 0.2757 0.0215 -0.4668 0.8400 1590710019.480365991
#BNO080 0.2760 0.0215 -0.4668 0.8399 1590710019.526832103
#BNO080 0.2761 0.0217 -0.4669 0.8398 1590710019.571005105
#BNO080 0.2759 0.0222 -0.4669 0.8398 1590710019.620860099
#BNO080 0.2764 0.0223 -0.4668 0.8398 1590710019.670679092
#BNO080 0.2763 0.0227 -0.4666 0.8399 1590710019.737159967
#BNO080 0.2765 0.0228 -0.4661 0.8401 1590710019.781852960
#BNO080 0.2765 0.0231 -0.4656 0.8403 1590710019.826390981
#BNO080 0.2764 0.0233 -0.4650 0.8408 1590710019.870466947
#BNO080 0.2769 0.0233 -0.4644 0.8409 1590710019.914777040
#BNO080 0.2764 0.0237 -0.4637 0.8414 1590710019.983313083
#BNO080 0.2765 0.0239 -0.4632 0.8417 1590710020.31670093
#BNO080 0.2764 0.0243 -0.4628 0.8419 1590710020.76533079
#BNO080 0.2763 0.0245 -0.4624 0.8422 1590710020.121211051
#BNO080 0.2765 0.0248 -0.4620 0.8423 1590710020.169903993
#BNO080 0.2763 0.0251 -0.4615 0.8426 1590710020.214589118
#BNO080 0.2764 0.0253 -0.4609 0.8429 1590710020.283232927
#BNO080 0.2761 0.0256 -0.4604 0.8433 1590710020.326812028
#BNO080 0.2762 0.0258 -0.4600 0.8434 1590710020.373614072
#BNO080 0.2763 0.0258 -0.4595 0.8437 1590710020.423666000
#BNO080 0.2763 0.0257 -0.4593 0.8438 1590710020.464761018
#BNO080 0.2758 0.0258 -0.4590 0.8442 1590710020.533839941
#BNO080 0.2762 0.0256 -0.4588 0.8441 1590710020.581415891
#BNO080 0.2755 0.0259 -0.4587 0.8444 1590710020.624281883
#BNO080 0.2756 0.0259 -0.4586 0.8445 1590710020.672411918
#BNO080 0.2752 0.0262 -0.4587 0.8445 1590710020.720205068
#BNO080 0.2757 0.0264 -0.4588 0.8442 1590710020.783668041
#BNO080 0.2755 0.0268 -0.4587 0.8444 1590710020.830147027
#BNO080 0.2750 0.0273 -0.4587 0.8445 1590710020.872131109
#BNO080 0.2745 0.0278 -0.4587 0.8447 1590710020.920083045
#BNO080 0.2746 0.0278 -0.4586 0.8447 1590710020.968522071
#BNO080 0.2748 0.0281 -0.4585 0.8447 1590710021.34303903
#BNO080 0.2750 0.0284 -0.4583 0.8447 1590710021.80708026
#BNO080 0.2753 0.0287 -0.4579 0.8448 1590710021.123449087
#BNO080 0.2755 0.0289 -0.4577 0.8448 1590710021.174134016
#BNO080 0.2754 0.0291 -0.4575 0.8450 1590710021.223294973
#BNO080 0.2751 0.0293 -0.4575 0.8451 1590710021.268635034
#BNO080 0.2751 0.0292 -0.4574 0.8452 1590710021.334328889
#BNO080 0.2750 0.0293 -0.4573 0.8452 1590710021.378505945
#BNO080 0.2752 0.0291 -0.4571 0.8453 1590710021.436703920
#BNO080 0.2748 0.0293 -0.4568 0.8455 1590710021.480789899
#BNO080 0.2753 0.0293 -0.4565 0.8455 1590710021.525122880
#BNO080 0.2751 0.0295 -0.4561 0.8458 1590710021.574337005
#BNO080 0.2751 0.0296 -0.4556 0.8461 1590710021.624147891
#BNO080 0.2759 0.0297 -0.4552 0.8461 1590710021.670763015
#BNO080 0.2767 0.0298 -0.4547 0.8461 1590710021.735368967
#BNO080 0.2771 0.0300 -0.4542 0.8462 1590710021.785222053
#BNO080 0.2771 0.0300 -0.4536 0.8465 1590710021.833000898
#BNO080 0.2773 0.0300 -0.4532 0.8466 1590710021.884243011
#BNO080 0.2769 0.0299 -0.4531 0.8468 1590710021.924757957
#BNO080 0.2761 0.0300 -0.4532 0.8470 1590710021.969634056
#BNO080 0.2761 0.0296 -0.4533 0.8470 1590710022.36000013
#BNO080 0.2756 0.0296 -0.4532 0.8472 1590710022.84999084
#BNO080 0.2753 0.0297 -0.4534 0.8472 1590710022.133773088
#BNO080 0.2761 0.0299 -0.4528 0.8472 1590710022.181565046
#BNO080 0.2787 0.0303 -0.4520 0.8469 1590710022.225197076
#BNO080 0.2788 0.0317 -0.4509 0.8473 1590710022.271749973
#BNO080 0.2791 0.0323 -0.4488 0.8483 1590710022.339692115
#BNO080 0.2778 0.0329 -0.4460 0.8502 1590710022.385262012
#BNO080 0.2772 0.0328 -0.4432 0.8519 1590710022.431559085
#BNO080 0.2758 0.0334 -0.4406 0.8536 1590710022.483445882
#BNO080 0.2753 0.0338 -0.4381 0.8550 1590710022.527446985
#BNO080 0.2738 0.0350 -0.4361 0.8565 1590710022.571785926
#BNO080 0.2715 0.0368 -0.4346 0.8579 1590710022.639488935
#BNO080 0.2701 0.0383 -0.4335 0.8588 1590710022.685436964
#BNO080 0.2664 0.0405 -0.4339 0.8597 1590710022.734494924
#BNO080 0.2620 0.0432 -0.4346 0.8606 1590710022.777882099
#BNO080 0.2588 0.0452 -0.4354 0.8610 1590710022.823438882
#BNO080 0.2562 0.0474 -0.4361 0.8613 1590710022.893682956
#BNO080 0.2548 0.0491 -0.4368 0.8613 1590710022.938191890
#BNO080 0.2536 0.0504 -0.4373 0.8613 1590710022.989376068
#BNO080 0.2519 0.0520 -0.4374 0.8617 1590710023.36923885
#BNO080 0.2518 0.0527 -0.4376 0.8616 1590710023.85500955
#BNO080 0.2512 0.0539 -0.4375 0.8618 1590710023.131628036
#BNO080 0.2507 0.0549 -0.4373 0.8619 1590710023.178702116
#BNO080 0.2505 0.0555 -0.4372 0.8619 1590710023.224402904
#BNO080 0.2501 0.0565 -0.4366 0.8624 1590710023.291269063
#BNO080 0.2499 0.0566 -0.4359 0.8627 1590710023.340642929
#BNO080 0.2485 0.0574 -0.4349 0.8636 1590710023.384790897
#BNO080 0.2475 0.0579 -0.4337 0.8645 1590710023.431940078
#BNO080 0.2465 0.0587 -0.4324 0.8653 1590710023.486597061
#BNO080 0.2452 0.0598 -0.4318 0.8660 1590710023.533930063
#BNO080 0.2438 0.0610 -0.4312 0.8665 1590710023.586745977
#BNO080 0.2428 0.0626 -0.4305 0.8671 1590710023.637113094
#BNO080 0.2413 0.0638 -0.4299 0.8677 1590710023.677983045
#BNO080 0.2395 0.0651 -0.4291 0.8685 1590710023.729707002
#BNO080 0.2380 0.0661 -0.4280 0.8694 1590710023.784436941
#BNO080 0.2369 0.0667 -0.4269 0.8701 1590710023.836628913
#BNO080 0.2355 0.0677 -0.4261 0.8708 1590710023.885324954
#BNO080 0.2339 0.0684 -0.4249 0.8718 1590710023.928306102
#BNO080 0.2316 0.0693 -0.4237 0.8729 1590710023.980905055
#BNO080 0.2303 0.0699 -0.4230 0.8736 1590710024.31785011
#BNO080 0.2284 0.0708 -0.4224 0.8743 1590710024.78653097
#BNO080 0.2275 0.0714 -0.4218 0.8748 1590710024.133744001
#BNO080 0.2275 0.0720 -0.4213 0.8750 1590710024.179002046
#BNO080 0.2275 0.0724 -0.4208 0.8751 1590710024.247145891
#BNO080 0.2271 0.0732 -0.4206 0.8753 1590710024.275517940
#BNO080 0.2274 0.0736 -0.4203 0.8753 1590710024.344625949
#BNO080 0.2276 0.0740 -0.4200 0.8754 1590710024.392952919
#BNO080 0.2279 0.0740 -0.4199 0.8754 1590710024.427561044
#BNO080 0.2274 0.0740 -0.4198 0.8755 1590710024.488904953
#BNO080 0.2264 0.0739 -0.4197 0.8759 1590710024.535893917
#BNO080 0.2249 0.0737 -0.4196 0.8763 1590710024.591384887
#BNO080 0.2232 0.0736 -0.4196 0.8768 1590710024.644269943
#BNO080 0.2215 0.0740 -0.4195 0.8772 1590710024.689718961
#BNO080 0.2198 0.0746 -0.4189 0.8778 1590710024.739588975
#BNO080 0.2187 0.0755 -0.4182 0.8784 1590710024.790455102
#BNO080 0.2170 0.0768 -0.4172 0.8792 1590710024.840027093
#BNO080 0.2151 0.0781 -0.4158 0.8802 1590710024.891666889
#BNO080 0.2144 0.0792 -0.4144 0.8810 1590710024.939941883
#BNO080 0.2144 0.0798 -0.4130 0.8815 1590710024.987672090
#BNO080 0.2133 0.0807 -0.4113 0.8825 1590710025.39849996
#BNO080 0.2116 0.0820 -0.4101 0.8834 1590710025.89345932
#BNO080 0.2105 0.0827 -0.4092 0.8840 1590710025.140218019
#BNO080 0.2082 0.0834 -0.4088 0.8846 1590710025.186858892
#BNO080 0.2057 0.0841 -0.4083 0.8854 1590710025.239027976
#BNO080 0.2049 0.0845 -0.4080 0.8857 1590710025.280355930
#BNO080 0.2031 0.0853 -0.4074 0.8863 1590710025.327142953
#BNO080 0.2015 0.0855 -0.4066 0.8870 1590710025.392549991
#BNO080 0.2007 0.0853 -0.4058 0.8875 1590710025.444324016
#BNO080 0.1997 0.0854 -0.4054 0.8879 1590710025.491363048
#BNO080 0.1976 0.0866 -0.4050 0.8885 1590710025.544054031
#BNO080 0.1954 0.0879 -0.4043 0.8892 1590710025.587335109
#BNO080 0.1948 0.0885 -0.4034 0.8896 1590710025.634754896
#BNO080 0.1936 0.0894 -0.4024 0.8903 1590710025.684525012
#BNO080 0.1929 0.0895 -0.4017 0.8907 1590710025.730324029
#BNO080 0.1929 0.0889 -0.4011 0.8911 1590710025.799942970
#BNO080 0.1920 0.0898 -0.4006 0.8914 1590710025.827447891
#BNO080 0.1918 0.0907 -0.4001 0.8915 1590710025.891150951
#BNO080 0.1919 0.0912 -0.3997 0.8917 1590710025.941871881
#BNO080 0.1907 0.0920 -0.3994 0.8920 1590710025.990302085
#BNO080 0.1902 0.0925 -0.3992 0.8922 1590710026.37827968
#BNO080 0.1893 0.0931 -0.3992 0.8922 1590710026.78233957
#BNO080 0.1879 0.0937 -0.3994 0.8925 1590710026.126840114
#BNO080 0.1868 0.0941 -0.3992 0.8927 1590710026.195751905
#BNO080 0.1864 0.0944 -0.3989 0.8929 1590710026.240874052
#BNO080 0.1853 0.0949 -0.3984 0.8933 1590710026.284476041
#BNO080 0.1849 0.0952 -0.3977 0.8936 1590710026.334677934
#BNO080 0.1851 0.0952 -0.3967 0.8940 1590710026.394453048
#BNO080 0.1857 0.0949 -0.3962 0.8942 1590710026.443232059
#BNO080 0.1852 0.0955 -0.3960 0.8943 1590710026.490479946
#BNO080 0.1855 0.0958 -0.3958 0.8943 1590710026.538748025
#BNO080 0.1852 0.0963 -0.3956 0.8943 1590710026.582591056
#BNO080 0.1851 0.0969 -0.3953 0.8945 1590710026.635704040
#BNO080 0.1843 0.0975 -0.3950 0.8947 1590710026.680465936
#BNO080 0.1836 0.0980 -0.3945 0.8950 1590710026.747116088
#BNO080 0.1833 0.0986 -0.3945 0.8950 1590710026.794477939
#BNO080 0.1835 0.0991 -0.3947 0.8948 1590710026.840652942
#BNO080 0.1838 0.0994 -0.3948 0.8947 1590710026.885972976
#BNO080 0.1840 0.0995 -0.3951 0.8945 1590710026.933284997
#BNO080 0.1830 0.0998 -0.3953 0.8946 1590710026.980515003
#BNO080 0.1830 0.0994 -0.3956 0.8945 1590710027.28251886
#BNO080 0.1827 0.0993 -0.3959 0.8944 1590710027.95398902
#BNO080 0.1825 0.0991 -0.3962 0.8943 1590710027.149307966
#BNO080 0.1823 0.0992 -0.3964 0.8943 1590710027.182275056
#BNO080 0.1824 0.0994 -0.3965 0.8942 1590710027.249444961
#BNO080 0.1827 0.0997 -0.3967 0.8940 1590710027.279382944
#BNO080 0.1835 0.1000 -0.3967 0.8939 1590710027.346759080
#BNO080 0.1843 0.1003 -0.3968 0.8936 1590710027.396960020
#BNO080 0.1839 0.1006 -0.3970 0.8936 1590710027.445110082
#BNO080 0.1837 0.1008 -0.3970 0.8936 1590710027.495892047
#BNO080 0.1839 0.1008 -0.3972 0.8935 1590710027.551222085
#BNO080 0.1842 0.1010 -0.3971 0.8934 1590710027.598217964
#BNO080 0.1843 0.1010 -0.3973 0.8933 1590710027.648550033
#BNO080 0.1841 0.1011 -0.3973 0.8933 1590710027.691828012
#BNO080 0.1840 0.1012 -0.3974 0.8933 1590710027.735726118
#BNO080 0.1841 0.1014 -0.3972 0.8934 1590710027.785212993
#BNO080 0.1839 0.1018 -0.3969 0.8935 1590710027.832408905
#BNO080 0.1841 0.1019 -0.3966 0.8936 1590710027.902103900
#BNO080 0.1841 0.1022 -0.3964 0.8936 1590710027.931747913
#BNO080 0.1844 0.1025 -0.3960 0.8937 1590710027.997468948
#BNO080 0.1847 0.1026 -0.3955 0.8939 1590710028.44292926
#BNO080 0.1847 0.1029 -0.3951 0.8940 1590710028.86023092
#BNO080 0.1850 0.1030 -0.3950 0.8940 1590710028.137259006
#BNO080 0.1854 0.1031 -0.3948 0.8939 1590710028.188395977
#BNO080 0.1857 0.1030 -0.3948 0.8939 1590710028.236898899
#BNO080 0.1858 0.1029 -0.3948 0.8939 1590710028.287925004
#BNO080 0.1858 0.1028 -0.3949 0.8939 1590710028.344938039
#BNO080 0.1859 0.1030 -0.3951 0.8937 1590710028.392652988
#BNO080 0.1859 0.1032 -0.3953 0.8936 1590710028.442400932
#BNO080 0.1864 0.1033 -0.3955 0.8934 1590710028.496670007
#BNO080 0.1862 0.1034 -0.3957 0.8934 1590710028.546962976
#BNO080 0.1859 0.1036 -0.3956 0.8934 1590710028.594902038
#BNO080 0.1868 0.1038 -0.3954 0.8933 1590710028.639167070
#BNO080 0.1873 0.1041 -0.3951 0.8933 1590710028.684324979
#BNO080 0.1874 0.1042 -0.3947 0.8934 1590710028.741442918
#BNO080 0.1867 0.1047 -0.3942 0.8937 1590710028.799165010
#BNO080 0.1861 0.1051 -0.3938 0.8940 1590710028.829371929
#BNO080 0.1862 0.1055 -0.3936 0.8940 1590710028.894126892
#BNO080 0.1869 0.1057 -0.3937 0.8938 1590710028.947809934
#BNO080 0.1872 0.1057 -0.3939 0.8937 1590710028.993124961
#BNO080 0.1872 0.1055 -0.3940 0.8936 1590710029.42006015
#BNO080 0.1877 0.1052 -0.3942 0.8935 1590710029.84631919
#BNO080 0.1879 0.1049 -0.3943 0.8934 1590710029.133825063
#BNO080 0.1880 0.1048 -0.3942 0.8935 1590710029.183403968
#BNO080 0.1878 0.1049 -0.3943 0.8934 1590710029.232474088
#BNO080 0.1880 0.1049 -0.3942 0.8934 1590710029.283691883
#BNO080 0.1879 0.1050 -0.3942 0.8934 1590710029.349483013
#BNO080 0.1874 0.1050 -0.3940 0.8936 1590710029.397218942
#BNO080 0.1871 0.1052 -0.3938 0.8938 1590710029.442270040
#BNO080 0.1873 0.1052 -0.3936 0.8939 1590710029.490959882
#BNO080 0.1874 0.1053 -0.3935 0.8939 1590710029.531913995
#BNO080 0.1876 0.1053 -0.3932 0.8939 1590710029.596350908
#BNO080 0.1874 0.1055 -0.3929 0.8940 1590710029.640346050
#BNO080 0.1877 0.1057 -0.3930 0.8940 1590710029.690172910
#BNO080 0.1879 0.1057 -0.3929 0.8939 1590710029.737366914
#BNO080 0.1877 0.1058 -0.3929 0.8940 1590710029.805736064
#BNO080 0.1879 0.1060 -0.3929 0.8939 1590710029.846956014
#BNO080 0.1883 0.1062 -0.3929 0.8938 1590710029.894258022
#BNO080 0.1888 0.1066 -0.3927 0.8937 1590710029.940820932
#BNO080 0.1889 0.1070 -0.3923 0.8939 1590710029.984378099
#BNO080 0.1884 0.1072 -0.3920 0.8940 1590710030.49832105
#BNO080 0.1879 0.1072 -0.3920 0.8942 1590710030.101044893
#BNO080 0.1880 0.1071 -0.3919 0.8942 1590710030.146214008
#BNO080 0.1879 0.1071 -0.3918 0.8943 1590710030.189651966
#BNO080 0.1879 0.1072 -0.3916 0.8943 1590710030.240717887
#BNO080 0.1876 0.1075 -0.3915 0.8944 1590710030.284771919
#BNO080 0.1877 0.1078 -0.3912 0.8945 1590710030.349638938
#BNO080 0.1879 0.1082 -0.3909 0.8945 1590710030.395524024
#BNO080 0.1878 0.1082 -0.3906 0.8947 1590710030.445708990
#BNO080 0.1880 0.1082 -0.3904 0.8948 1590710030.488006114
#BNO080 0.1883 0.1081 -0.3903 0.8947 1590710030.556423902
#BNO080 0.1890 0.1081 -0.3905 0.8945 1590710030.601183891
#BNO080 0.1898 0.1080 -0.3906 0.8943 1590710030.645232915
#BNO080 0.1899 0.1081 -0.3906 0.8942 1590710030.701627016
#BNO080 0.1899 0.1081 -0.3907 0.8942 1590710030.746078968
#BNO080 0.1897 0.1083 -0.3905 0.8943 1590710030.793009042
#BNO080 0.1896 0.1084 -0.3904 0.8943 1590710030.838243961
#BNO080 0.1896 0.1085 -0.3902 0.8945 1590710030.904263973
#BNO080 0.1892 0.1086 -0.3901 0.8945 1590710030.950941085
#BNO080 0.1884 0.1088 -0.3898 0.8948 1590710030.999298095
#BNO080 0.1888 0.1088 -0.3895 0.8948 1590710031.42167901
#BNO080 0.1893 0.1088 -0.3893 0.8948 1590710031.90621948
#BNO080 0.1894 0.1085 -0.3892 0.8950 1590710031.134572029
#BNO080 0.1889 0.1085 -0.3889 0.8951 1590710031.182992935
#BNO080 0.1891 0.1084 -0.3886 0.8953 1590710031.237108945
#BNO080 0.1897 0.1083 -0.3885 0.8952 1590710031.303703069
#BNO080 0.1902 0.1083 -0.3882 0.8952 1590710031.350378036
#BNO080 0.1901 0.1085 -0.3879 0.8953 1590710031.393867969
#BNO080 0.1899 0.1088 -0.3878 0.8954 1590710031.438730001
#BNO080 0.1906 0.1090 -0.3877 0.8953 1590710031.505232095
#BNO080 0.1912 0.1091 -0.3877 0.8951 1590710031.546686887
#BNO080 0.1913 0.1092 -0.3877 0.8951 1590710031.594851016
#BNO080 0.1917 0.1092 -0.3879 0.8950 1590710031.641302108
#BNO080 0.1917 0.1092 -0.3881 0.8948 1590710031.701066017
#BNO080 0.1923 0.1092 -0.3885 0.8945 1590710031.744934082
#BNO080 0.1923 0.1091 -0.3889 0.8943 1590710031.794591903
#BNO080 0.1918 0.1094 -0.3891 0.8943 1590710031.839787006
#BNO080 0.1921 0.1093 -0.3895 0.8941 1590710031.887257099
#BNO080 0.1924 0.1093 -0.3898 0.8939 1590710031.954395055
#BNO080 0.1927 0.1092 -0.3900 0.8938 1590710032.2432107
#BNO080 0.1930 0.1092 -0.3902 0.8937 1590710032.50571918
#BNO080 0.1928 0.1096 -0.3904 0.8936 1590710032.97450017
#BNO080 0.1926 0.1099 -0.3904 0.8935 1590710032.136693000
#BNO080 0.1923 0.1101 -0.3904 0.8936 1590710032.202192068
#BNO080 0.1922 0.1103 -0.3903 0.8937 1590710032.253149032
#BNO080 0.1924 0.1104 -0.3900 0.8937 1590710032.301589965
#BNO080 0.1927 0.1104 -0.3895 0.8939 1590710032.345319032
#BNO080 0.1923 0.1105 -0.3891 0.8941 1590710032.391635894
#BNO080 0.1914 0.1108 -0.3887 0.8944 1590710032.439142942
#BNO080 0.1915 0.1110 -0.3885 0.8945 1590710032.507028102
#BNO080 0.1922 0.1111 -0.3884 0.8943 1590710032.544310092
#BNO080 0.1912 0.1112 -0.3884 0.8945 1590710032.590404987
#BNO080 0.1907 0.1111 -0.3885 0.8947 1590710032.638684988
#BNO080 0.1912 0.1110 -0.3886 0.8945 1590710032.706403970
#BNO080 0.1918 0.1108 -0.3887 0.8943 1590710032.751292943
#BNO080 0.1925 0.1108 -0.3889 0.8941 1590710032.793452024
#BNO080 0.1929 0.1112 -0.3889 0.8940 1590710032.844640970
#BNO080 0.1932 0.1116 -0.3888 0.8939 1590710032.890887022
#BNO080 0.1941 0.1122 -0.3888 0.8936 1590710032.955019950
#BNO080 0.1947 0.1129 -0.3888 0.8934 1590710032.996654033
#BNO080 0.1954 0.1134 -0.3886 0.8932 1590710033.41368007
#BNO080 0.1959 0.1142 -0.3884 0.8931 1590710033.89713096
#BNO080 0.1963 0.1151 -0.3882 0.8930 1590710033.137660026
#BNO080 0.1972 0.1158 -0.3878 0.8929 1590710033.205229997
#BNO080 0.1979 0.1169 -0.3876 0.8927 1590710033.254141092
#BNO080 0.1991 0.1181 -0.3872 0.8925 1590710033.297317981
#BNO080 0.2003 0.1197 -0.3871 0.8920 1590710033.346611976
#BNO080 0.2020 0.1215 -0.3870 0.8915 1590710033.390918970
#BNO080 0.2032 0.1237 -0.3868 0.8910 1590710033.457890033
#BNO080 0.2045 0.1262 -0.3864 0.8904 1590710033.504710912
#BNO080 0.2071 0.1296 -0.3859 0.8896 1590710033.556493043
#BNO080 0.2107 0.1337 -0.3854 0.8884 1590710033.597481966
#BNO080 0.2153 0.1388 -0.3847 0.8868 1590710033.642698049
#BNO080 0.2209 0.1439 -0.3840 0.8849 1590710033.712841033
#BNO080 0.2261 0.1490 -0.3834 0.8830 1590710033.757088899
#BNO080 0.2295 0.1544 -0.3828 0.8815 1590710033.801515102
#BNO080 0.2331 0.1587 -0.3823 0.8799 1590710033.847364902
#BNO080 0.2362 0.1635 -0.3817 0.8785 1590710033.891398906
#BNO080 0.2397 0.1682 -0.3812 0.8769 1590710033.955981016
#BNO080 0.2438 0.1734 -0.3802 0.8752 1590710034.3269910
#BNO080 0.2480 0.1799 -0.3796 0.8730 1590710034.50112009
#BNO080 0.2512 0.1871 -0.3793 0.8707 1590710034.95666885
#BNO080 0.2552 0.1937 -0.3795 0.8679 1590710034.142014026
#BNO080 0.2593 0.1997 -0.3801 0.8651 1590710034.208508968
#BNO080 0.2615 0.2061 -0.3806 0.8627 1590710034.254822015
#BNO080 0.2643 0.2112 -0.3815 0.8602 1590710034.296277046
#BNO080 0.2673 0.2160 -0.3823 0.8578 1590710034.344413995
#BNO080 0.2709 0.2223 -0.3829 0.8547 1590710034.411962032
#BNO080 0.2749 0.2288 -0.3834 0.8515 1590710034.459142923
#BNO080 0.2799 0.2344 -0.3838 0.8481 1590710034.489274978
#BNO080 0.2829 0.2405 -0.3842 0.8453 1590710034.558723926
#BNO080 0.2860 0.2460 -0.3845 0.8425 1590710034.615441083
#BNO080 0.2895 0.2512 -0.3849 0.8396 1590710034.666486024
#BNO080 0.2930 0.2568 -0.3855 0.8364 1590710034.700145006
#BNO080 0.2963 0.2622 -0.3864 0.8332 1590710034.774168968
#BNO080 0.2983 0.2672 -0.3866 0.8307 1590710034.816947937
#BNO080 0.2986 0.2738 -0.3861 0.8287 1590710034.851602077
#BNO080 0.2973 0.2814 -0.3858 0.8268 1590710034.923104047
#BNO080 0.2980 0.2868 -0.3863 0.8244 1590710034.974117040
#BNO080 0.2990 0.2920 -0.3875 0.8217 1590710035.35639047
#BNO080 0.3012 0.2961 -0.3888 0.8188 1590710035.63586950
#BNO080 0.3035 0.3008 -0.3900 0.8157 1590710035.121771097
#BNO080 0.3069 0.3063 -0.3912 0.8117 1590710035.156419038
#BNO080 0.3110 0.3121 -0.3929 0.8071 1590710035.215142011
#BNO080 0.3157 0.3176 -0.3950 0.8021 1590710035.245704889
#BNO080 0.3178 0.3239 -0.3962 0.7982 1590710035.309298992
#BNO080 0.3173 0.3304 -0.3970 0.7953 1590710035.373099088
#BNO080 0.3179 0.3371 -0.3978 0.7919 1590710035.396703958
#BNO080 0.3195 0.3430 -0.3992 0.7880 1590710035.478703975
#BNO080 0.3198 0.3493 -0.4000 0.7847 1590710035.505909919
#BNO080 0.3211 0.3539 -0.4006 0.7817 1590710035.558346033
#BNO080 0.3226 0.3586 -0.4011 0.7787 1590710035.615490913
#BNO080 0.3245 0.3633 -0.4016 0.7755 1590710035.652002096
#BNO080 0.3264 0.3680 -0.4017 0.7725 1590710035.717220067
#BNO080 0.3279 0.3725 -0.4019 0.7696 1590710035.759056091
#BNO080 0.3293 0.3774 -0.4020 0.7665 1590710035.816430091
#BNO080 0.3300 0.3825 -0.4023 0.7635 1590710035.887866020
#BNO080 0.3293 0.3878 -0.4016 0.7615 1590710035.910706043
#BNO080 0.3297 0.3931 -0.4014 0.7587 1590710035.961209058
#BNO080 0.3322 0.3973 -0.4028 0.7547 1590710036.35537958
#BNO080 0.3341 0.4017 -0.4039 0.7509 1590710036.53205013
#BNO080 0.3350 0.4062 -0.4048 0.7476 1590710036.106754064
#BNO080 0.3357 0.4102 -0.4058 0.7446 1590710036.171566963
#BNO080 0.3359 0.4152 -0.4064 0.7413 1590710036.197403907
#BNO080 0.3373 0.4193 -0.4064 0.7384 1590710036.262588024
#BNO080 0.3391 0.4231 -0.4066 0.7354 1590710036.329535961
#BNO080 0.3403 0.4275 -0.4063 0.7324 1590710036.370516061
#BNO080 0.3408 0.4320 -0.4055 0.7299 1590710036.435087919
#BNO080 0.3412 0.4368 -0.4039 0.7277 1590710036.465867042
#BNO080 0.3419 0.4412 -0.4031 0.7253 1590710036.512018918
#BNO080 0.3414 0.4459 -0.4019 0.7232 1590710036.557770967
#BNO080 0.3424 0.4508 -0.4008 0.7203 1590710036.603636980
#BNO080 0.3441 0.4553 -0.3995 0.7174 1590710036.667541980
#BNO080 0.3460 0.4601 -0.3981 0.7142 1590710036.715060949
#BNO080 0.3476 0.4655 -0.3970 0.7105 1590710036.755737066
#BNO080 0.3480 0.4716 -0.3953 0.7073 1590710036.814768075
#BNO080 0.3491 0.4775 -0.3943 0.7033 1590710036.848910093
#BNO080 0.3491 0.4834 -0.3928 0.7001 1590710036.933511972
#BNO080 0.3484 0.4894 -0.3907 0.6975 1590710036.976082086
#BNO080 0.3480 0.4944 -0.3889 0.6951 1590710037.12723922
#BNO080 0.3467 0.4995 -0.3873 0.6931 1590710037.54866075
#BNO080 0.3449 0.5052 -0.3855 0.6907 1590710037.124345064
#BNO080 0.3433 0.5107 -0.3837 0.6886 1590710037.167037010
#BNO080 0.3417 0.5156 -0.3818 0.6867 1590710037.209534883
#BNO080 0.3398 0.5198 -0.3800 0.6855 1590710037.252130031
#BNO080 0.3384 0.5245 -0.3783 0.6836 1590710037.344713926
#BNO080 0.3374 0.5295 -0.3768 0.6810 1590710037.359196901
#BNO080 0.3371 0.5347 -0.3747 0.6782 1590710037.422082901
#BNO080 0.3377 0.5391 -0.3732 0.6754 1590710037.487974882
#BNO080 0.3380 0.5433 -0.3717 0.6727 1590710037.513345003
#BNO080 0.3374 0.5477 -0.3697 0.6705 1590710037.586842060
#BNO080 0.3368 0.5522 -0.3674 0.6683 1590710037.634058952
#BNO080 0.3362 0.5560 -0.3658 0.6663 1590710037.681963920
#BNO080 0.3342 0.5645 -0.3621 0.6622 1590710037.891877889
#BNO080 0.3206 0.6042 -0.3401 0.6453 1590710042.919831037
#BNO080 0.3024 0.6282 -0.3192 0.6419 1590710044.6413936
#BNO080 0.3023 0.6287 -0.3191 0.6415 1590710044.136070966
