#MPU6050 0.1375 0.7123 0.0320 0.6875 1590709986.975997924
#MPU6050 0.1392 0.7161 0.0289 0.6833 1590709987.196754932
#MPU6050 0.1288 0.7165 0.0278 0.6850 1590709987.418369054
#MPU6050 0.1263 0.7165 0.0283 0.6854 1590709987.500554084
#MPU6050 0.1356 0.7170 0.0350 0.6828 1590709987.753484964
#MPU6050 0.1351 0.7168 0.0368 0.6830 1590709987.945003032
#MPU6050 0.1356 0.7167 0.0375 0.6830 1590709988.6714105
#MPU6050 0.1361 0.7163 0.0436 0.6829 1590709988.95901966
#MPU6050 0.1354 0.7163 0.0436 0.6830 1590709988.151828050
#MPU6050 0.1349 0.7162 0.0436 0.6832 1590709988.205388069
#MPU6050 0.1345 0.7162 0.0438 0.6833 1590709988.271833896
#MPU6050 0.1339 0.7163 0.0442 0.6833 1590709988.405118942
#MPU6050 0.1351 0.7157 0.0422 0.6838 1590709988.471323013
#MPU6050 0.1345 0.7156 0.0421 0.6840 1590709988.596864938
#MPU6050 0.1331 0.7150 0.0446 0.6848 1590709988.865248918
#MPU6050 0.1329 0.7151 0.0448 0.6847 1590709988.907526969
#MPU6050 0.1287 0.7151 0.0475 0.6853 1590709989.271470069
#MPU6050 0.1288 0.7151 0.0480 0.6852 1590709989.424727916
#MPU6050 0.1251 0.7151 0.0491 0.6859 1590709989.571307897
#MPU6050 0.1243 0.7141 0.0500 0.6870 1590709989.964626073
#MPU6050 0.1241 0.7142 0.0524 0.6868 1590709990.215146064
#MPU6050 0.1241 0.7142 0.0527 0.6868 1590709990.289846897
#MPU6050 0.1156 0.7144 0.0596 0.6874 1590709993.629986047
#MPU6050 0.1155 0.7147 0.0596 0.6872 1590709993.773381948
#MPU6050 0.1155 0.7149 0.0596 0.6870 1590709993.828960895
#MPU6050 0.1161 0.7157 0.0591 0.6860 1590709993.976540088
#MPU6050 0.1162 0.7157 0.0588 0.6861 1590709994.79324960
#MPU6050 0.1166 0.7156 0.0582 0.6861 1590709994.157345056
#MPU6050 0.1160 0.7168 0.0581 0.6851 1590709994.424655914
#MPU6050 0.1146 0.7159 0.0618 0.6859 1590709994.684000968
#MPU6050 0.1159 0.7163 0.0593 0.6855 1590709995.167737960
#MPU6050 0.1143 0.7161 0.0607 0.6858 1590709995.528379917
#MPU6050 0.1143 0.7164 0.0621 0.6854 1590709995.877921104
#MPU6050 0.1130 0.7151 0.0649 0.6866 1590709995.975927114
#MPU6050 0.1129 0.7151 0.0651 0.6867 1590709996.20639896
#MPU6050 0.1124 0.7150 0.0653 0.6868 1590709996.200490951
#MPU6050 0.1109 0.7164 0.0648 0.6857 1590709996.271337032
#MPU6050 0.1110 0.7165 0.0641 0.6857 1590709996.503860950
#MPU6050 0.1115 0.7160 0.0640 0.6861 1590709996.624989032
#MPU6050 0.1115 0.7161 0.0641 0.6860 1590709996.770365953
#MPU6050 0.1104 0.7167 0.0651 0.6854 1590709996.966548919
#MPU6050 0.1102 0.7168 0.0652 0.6854 1590709997.21902084
#MPU6050 0.1099 0.7168 0.0654 0.6854 1590709997.72802066
#MPU6050 0.1075 0.7166 0.0689 0.6857 1590709997.377276897
#MPU6050 0.1073 0.7164 0.0692 0.6858 1590709997.474761962
#MPU6050 0.1074 0.7164 0.0692 0.6859 1590709997.553788900
#MPU6050 0.1069 0.7167 0.0682 0.6857 1590709997.679306983
#MPU6050 0.1069 0.7167 0.0681 0.6857 1590709997.796506881
#MPU6050 0.1068 0.7167 0.0678 0.6857 1590709997.930645942
#MPU6050 0.1254 0.6228 0.3196 0.7029 1590709999.638691902
#MPU6050 0.1272 0.6205 0.3234 0.7029 1590709999.738050937
#MPU6050 0.1290 0.6181 0.3273 0.7029 1590709999.882641077
#MPU6050 0.1509 0.5917 0.3638 0.7033 1590710000.25393009
#MPU6050 0.1528 0.5900 0.3658 0.7033 1590710000.74480056
#MPU6050 0.1561 0.5873 0.3690 0.7032 1590710000.161107063
#MPU6050 0.1582 0.5854 0.3713 0.7031 1590710000.212487936
#MPU6050 0.1605 0.5838 0.3734 0.7028 1590710000.284964084
#MPU6050 0.1824 0.5651 0.3983 0.6990 1590710000.322396039
#MPU6050 0.1845 0.5632 0.4009 0.6985 1590710000.409627914
#MPU6050 0.1859 0.5621 0.4026 0.6981 1590710000.457397937
#MPU6050 0.1875 0.5608 0.4044 0.6976 1590710000.501307964
#MPU6050 0.1883 0.5601 0.4053 0.6974 1590710000.527281045
#MPU6050 0.1898 0.5588 0.4073 0.6969 1590710000.568392038
#MPU6050 0.1909 0.5574 0.4095 0.6965 1590710000.617711067
#MPU6050 0.1921 0.5558 0.4117 0.6960 1590710000.668132066
#MPU6050 0.2106 0.5339 0.4427 0.6888 1590710000.714005947
#MPU6050 0.2122 0.5322 0.4449 0.6882 1590710000.761200904
#MPU6050 0.2138 0.5304 0.4471 0.6877 1590710000.807578086
#MPU6050 0.2150 0.5286 0.4493 0.6873 1590710000.857616901
#MPU6050 0.2158 0.5275 0.4505 0.6871 1590710000.876535892
#MPU6050 0.2171 0.5256 0.4527 0.6867 1590710000.922662019
#MPU6050 0.2186 0.5236 0.4548 0.6863 1590710000.968556880
#MPU6050 0.2201 0.5217 0.4568 0.6860 1590710001.11554002
#MPU6050 0.2216 0.5198 0.4587 0.6857 1590710001.56665897
#MPU6050 0.2221 0.5187 0.4597 0.6856 1590710001.80828905
#MPU6050 0.2426 0.4912 0.4860 0.6808 1590710001.167026996
#MPU6050 0.2437 0.4894 0.4879 0.6805 1590710001.213335037
#MPU6050 0.2448 0.4877 0.4896 0.6800 1590710001.260714054
#MPU6050 0.2460 0.4862 0.4912 0.6794 1590710001.310997962
#MPU6050 0.2473 0.4847 0.4929 0.6789 1590710001.358552932
#MPU6050 0.2479 0.4840 0.4937 0.6786 1590710001.379169940
#MPU6050 0.2492 0.4825 0.4952 0.6780 1590710001.425127029
#MPU6050 0.2505 0.4813 0.4966 0.6774 1590710001.471291065
#MPU6050 0.2520 0.4800 0.4979 0.6768 1590710001.516839981
#MPU6050 0.2643 0.4614 0.5206 0.6679 1590710001.560014963
#MPU6050 0.2651 0.4598 0.5225 0.6672 1590710001.607851982
#MPU6050 0.2655 0.4591 0.5234 0.6668 1590710001.626058101
#MPU6050 0.2664 0.4576 0.5253 0.6660 1590710001.671478986
#MPU6050 0.2673 0.4560 0.5271 0.6653 1590710001.719120025
#MPU6050 0.2679 0.4543 0.5290 0.6647 1590710001.763514995
#MPU6050 0.2686 0.4527 0.5309 0.6640 1590710001.812908887
#MPU6050 0.2696 0.4510 0.5327 0.6633 1590710001.854880094
#MPU6050 0.2702 0.4503 0.5336 0.6628 1590710001.876657009
#MPU6050 0.2714 0.4487 0.5353 0.6620 1590710001.923835039
#MPU6050 0.2832 0.4190 0.5607 0.6555 1590710002.19191980
#MPU6050 0.2845 0.4167 0.5623 0.6551 1590710002.70137023
#MPU6050 0.2856 0.4144 0.5640 0.6546 1590710002.113032102
#MPU6050 0.2865 0.4119 0.5658 0.6542 1590710002.165215015
#MPU6050 0.2875 0.4094 0.5676 0.6538 1590710002.229135990
#MPU6050 0.2887 0.4070 0.5692 0.6533 1590710002.279483079
#MPU6050 0.3105 0.3742 0.5912 0.6432 1590710002.519077062
#MPU6050 0.3123 0.3709 0.5934 0.6423 1590710002.626430034
#MPU6050 0.3338 0.3391 0.6127 0.6310 1590710002.822467088
#MPU6050 0.3344 0.3366 0.6140 0.6307 1590710002.885539054
#MPU6050 0.3358 0.3333 0.6157 0.6301 1590710002.983652114
#MPU6050 0.3373 0.3298 0.6173 0.6295 1590710003.85257053
#MPU6050 0.3580 0.3043 0.6283 0.6200 1590710003.132775068
#MPU6050 0.3597 0.3021 0.6293 0.6190 1590710003.247427940
#MPU6050 0.3611 0.2999 0.6304 0.6182 1590710003.328648090
#MPU6050 0.3591 0.2944 0.6359 0.6163 1590710003.482425928
#MPU6050 0.3579 0.2941 0.6362 0.6169 1590710003.576320886
#MPU6050 0.3575 0.2941 0.6362 0.6171 1590710003.638643026
#MPU6050 0.3573 0.2941 0.6362 0.6172 1590710003.678916931
#MPU6050 0.3567 0.2938 0.6364 0.6176 1590710003.770363092
#MPU6050 0.3558 0.2935 0.6378 0.6168 1590710003.985275030
#MPU6050 0.3557 0.2938 0.6376 0.6168 1590710004.74979066
#MPU6050 0.3559 0.2941 0.6375 0.6167 1590710004.133570909
#MPU6050 0.3561 0.2934 0.6382 0.6162 1590710004.287400007
#MPU6050 0.3558 0.2933 0.6382 0.6164 1590710004.331581115
#MPU6050 0.3555 0.2932 0.6382 0.6166 1590710004.419234037
#MPU6050 0.3554 0.2933 0.6381 0.6168 1590710004.477581024
#MPU6050 0.3548 0.2953 0.6389 0.6152 1590710004.588448047
#MPU6050 0.3546 0.2955 0.6393 0.6149 1590710004.823227882
#MPU6050 0.3547 0.2957 0.6393 0.6148 1590710004.877334117
#MPU6050 0.3531 0.2980 0.6404 0.6135 1590710004.977869987
#MPU6050 0.3529 0.2980 0.6404 0.6135 1590710005.30297040
#MPU6050 0.3528 0.2982 0.6405 0.6134 1590710005.92252016
#MPU6050 0.3527 0.2985 0.6405 0.6132 1590710005.177839040
#MPU6050 0.3524 0.2986 0.6406 0.6133 1590710005.271286010
#MPU6050 0.3513 0.2991 0.6421 0.6122 1590710005.340846061
#MPU6050 0.3510 0.2993 0.6421 0.6122 1590710005.431180953
#MPU6050 0.3508 0.2994 0.6421 0.6123 1590710005.489514112
#MPU6050 0.3505 0.2996 0.6422 0.6122 1590710005.623078107
#MPU6050 0.3495 0.3007 0.6423 0.6121 1590710005.680849075
#MPU6050 0.3495 0.3005 0.6425 0.6121 1590710005.790211915
#MPU6050 0.3492 0.3004 0.6427 0.6121 1590710005.883631944
#MPU6050 0.3492 0.3005 0.6428 0.6119 1590710005.941302061
#MPU6050 0.3491 0.3029 0.6422 0.6114 1590710006.181925058
#MPU6050 0.3490 0.3030 0.6422 0.6115 1590710006.233314990
#MPU6050 0.3489 0.3032 0.6421 0.6115 1590710006.287605047
#MPU6050 0.3489 0.3033 0.6421 0.6115 1590710006.378525972
#MPU6050 0.3493 0.3032 0.6429 0.6104 1590710006.437827110
#MPU6050 0.3492 0.3032 0.6429 0.6105 1590710006.489393949
#MPU6050 0.3491 0.3033 0.6429 0.6105 1590710006.544024944
#MPU6050 0.3489 0.3035 0.6427 0.6107 1590710006.683490037
#MPU6050 0.3493 0.3036 0.6409 0.6122 1590710006.770400047
#MPU6050 0.3494 0.3037 0.6407 0.6124 1590710006.829025030
#MPU6050 0.3495 0.3037 0.6406 0.6125 1590710006.881345033
#MPU6050 0.3496 0.3038 0.6404 0.6125 1590710006.934036970
#MPU6050 0.3500 0.3040 0.6401 0.6126 1590710007.27812957
#MPU6050 0.3489 0.3050 0.6409 0.6118 1590710007.330653905
#MPU6050 0.3487 0.3051 0.6412 0.6116 1590710007.430984020
#MPU6050 0.3456 0.3071 0.6417 0.6119 1590710007.541157007
#MPU6050 0.3456 0.3074 0.6416 0.6118 1590710007.740803956
#MPU6050 0.3465 0.3065 0.6413 0.6121 1590710007.930594921
#MPU6050 0.3466 0.3063 0.6414 0.6121 1590710007.992595911
#MPU6050 0.3465 0.3063 0.6415 0.6120 1590710008.43004035
#MPU6050 0.3463 0.3060 0.6416 0.6121 1590710008.143059968
#MPU6050 0.3452 0.3062 0.6418 0.6125 1590710008.230988025
#MPU6050 0.3452 0.3063 0.6418 0.6124 1590710008.345896959
#MPU6050 0.3451 0.3063 0.6418 0.6123 1590710008.389878988
#MPU6050 0.3450 0.3065 0.6420 0.6122 1590710008.486819982
#MPU6050 0.3434 0.3071 0.6423 0.6124 1590710008.646018028
#MPU6050 0.3432 0.3071 0.6422 0.6127 1590710008.804322957
#MPU6050 0.3431 0.3071 0.6422 0.6127 1590710008.885360002
#MPU6050 0.3429 0.3071 0.6422 0.6129 1590710008.939760923
#MPU6050 0.3422 0.3049 0.6425 0.6141 1590710009.2068042
#MPU6050 0.3422 0.3049 0.6425 0.6141 1590710009.41330099
#MPU6050 0.3422 0.3049 0.6425 0.6141 1590710009.87764024
#MPU6050 0.3420 0.3047 0.6425 0.6142 1590710009.150377988
#MPU6050 0.3419 0.3046 0.6423 0.6145 1590710009.238878011
#MPU6050 0.3417 0.3044 0.6422 0.6149 1590710009.297173023
#MPU6050 0.3399 0.3035 0.6420 0.6165 1590710009.393450021
#MPU6050 0.3398 0.3036 0.6421 0.6165 1590710009.479094982
#MPU6050 0.3396 0.3036 0.6422 0.6165 1590710009.542736053
#MPU6050 0.3395 0.3038 0.6421 0.6165 1590710009.587847948
#MPU6050 0.3393 0.3040 0.6422 0.6165 1590710009.685885906
#MPU6050 0.3365 0.3036 0.6422 0.6181 1590710009.741532087
#MPU6050 0.3364 0.3037 0.6422 0.6182 1590710009.780199050
#MPU6050 0.3361 0.3037 0.6422 0.6182 1590710009.834117889
#MPU6050 0.3362 0.3039 0.6422 0.6182 1590710009.939374923
#MPU6050 0.3361 0.3040 0.6422 0.6182 1590710010.6244897
#MPU6050 0.3355 0.3049 0.6431 0.6170 1590710010.144380092
#MPU6050 0.3356 0.3049 0.6431 0.6170 1590710010.203237056
#MPU6050 0.3356 0.3049 0.6431 0.6169 1590710010.287018060
#MPU6050 0.3354 0.3044 0.6440 0.6165 1590710010.485652923
#MPU6050 0.3352 0.3044 0.6440 0.6165 1590710010.557368040
#MPU6050 0.3348 0.3042 0.6440 0.6168 1590710010.640928983
#MPU6050 0.3344 0.3039 0.6442 0.6171 1590710010.694371938
#MPU6050 0.3342 0.3037 0.6442 0.6172 1590710010.748136043
#MPU6050 0.3331 0.3013 0.6375 0.6259 1590710010.892680883
#MPU6050 0.3333 0.3011 0.6367 0.6266 1590710010.944710016
#MPU6050 0.3337 0.3010 0.6355 0.6277 1590710011.34233093
#MPU6050 0.3345 0.3010 0.6346 0.6282 1590710011.95997095
#MPU6050 0.3355 0.3012 0.6337 0.6285 1590710011.143625974
#MPU6050 0.3417 0.2922 0.6248 0.6382 1590710011.198638916
#MPU6050 0.3425 0.2910 0.6230 0.6401 1590710011.293345928
#MPU6050 0.3434 0.2899 0.6208 0.6422 1590710011.406358957
#MPU6050 0.3443 0.2889 0.6183 0.6447 1590710011.491591930
#MPU6050 0.3576 0.2825 0.5920 0.6646 1590710011.581412076
#MPU6050 0.3588 0.2821 0.5901 0.6658 1590710011.630729913
#MPU6050 0.3602 0.2817 0.5883 0.6669 1590710011.683173894
#MPU6050 0.3615 0.2814 0.5865 0.6679 1590710011.727085113
#MPU6050 0.3623 0.2809 0.5848 0.6691 1590710011.780836105
#MPU6050 0.3625 0.2804 0.5840 0.6699 1590710011.798259973
#MPU6050 0.3627 0.2795 0.5826 0.6714 1590710011.848825931
#MPU6050 0.3633 0.2787 0.5811 0.6727 1590710011.893131971
#MPU6050 0.3696 0.2650 0.5558 0.6957 1590710011.986506938
#MPU6050 0.3706 0.2642 0.5533 0.6975 1590710012.32485961
#MPU6050 0.3719 0.2634 0.5507 0.6992 1590710012.81859111
#MPU6050 0.3728 0.2625 0.5482 0.7011 1590710012.127645969
#MPU6050 0.3735 0.2614 0.5456 0.7031 1590710012.176649093
#MPU6050 0.3741 0.2610 0.5442 0.7040 1590710012.196959972
#MPU6050 0.3755 0.2603 0.5414 0.7057 1590710012.243534088
#MPU6050 0.3771 0.2595 0.5386 0.7073 1590710012.289971113
#MPU6050 0.3785 0.2586 0.5359 0.7088 1590710012.338193893
#MPU6050 0.3924 0.2451 0.5045 0.7289 1590710012.378993988
#MPU6050 0.3930 0.2439 0.5022 0.7306 1590710012.433928012
#MPU6050 0.3940 0.2430 0.4998 0.7320 1590710012.477541923
#MPU6050 0.3951 0.2420 0.4974 0.7333 1590710012.529320955
#MPU6050 0.3960 0.2410 0.4951 0.7347 1590710012.578000068
#MPU6050 0.3965 0.2405 0.4939 0.7355 1590710012.601562976
#MPU6050 0.3977 0.2394 0.4916 0.7367 1590710012.644787073
#MPU6050 0.3990 0.2383 0.4892 0.7379 1590710012.688323974
#MPU6050 0.4001 0.2372 0.4869 0.7393 1590710012.734211921
#MPU6050 0.4131 0.2172 0.4477 0.7626 1590710012.796633005
#MPU6050 0.4142 0.2155 0.4442 0.7646 1590710012.843857049
#MPU6050 0.4153 0.2139 0.4406 0.7665 1590710012.888181924
#MPU6050 0.4161 0.2121 0.4370 0.7686 1590710012.934813022
#MPU6050 0.4167 0.2101 0.4336 0.7708 1590710012.983078002
#MPU6050 0.4177 0.2084 0.4301 0.7726 1590710013.29849052
#MPU6050 0.4183 0.2075 0.4282 0.7736 1590710013.51199913
#MPU6050 0.4194 0.2059 0.4246 0.7755 1590710013.95143079
#MPU6050 0.4205 0.2042 0.4208 0.7773 1590710013.139880895
#MPU6050 0.4215 0.2025 0.4171 0.7793 1590710013.188837051
#MPU6050 0.4308 0.1844 0.3726 0.8010 1590710013.231235027
#MPU6050 0.4315 0.1832 0.3694 0.8023 1590710013.279887914
#MPU6050 0.4321 0.1826 0.3678 0.8029 1590710013.300333976
#MPU6050 0.4337 0.1816 0.3646 0.8037 1590710013.350897073
#MPU6050 0.4351 0.1804 0.3613 0.8047 1590710013.396070003
#MPU6050 0.4360 0.1791 0.3582 0.8059 1590710013.441410064
#MPU6050 0.4370 0.1779 0.3549 0.8071 1590710013.491967916
#MPU6050 0.4382 0.1768 0.3516 0.8082 1590710013.537640094
#MPU6050 0.4394 0.1756 0.3482 0.8091 1590710013.583112001
#MPU6050 0.4523 0.1592 0.3029 0.8235 1590710013.647160053
#MPU6050 0.4532 0.1579 0.2997 0.8245 1590710013.691394090
#MPU6050 0.4548 0.1567 0.2966 0.8250 1590710013.737567901
#MPU6050 0.4557 0.1553 0.2938 0.8257 1590710013.780023097
#MPU6050 0.4561 0.1546 0.2924 0.8262 1590710013.802369117
#MPU6050 0.4567 0.1531 0.2897 0.8270 1590710013.849647998
#MPU6050 0.4575 0.1516 0.2869 0.8278 1590710013.894319057
#MPU6050 0.4581 0.1501 0.2843 0.8287 1590710013.936280965
#MPU6050 0.4583 0.1486 0.2817 0.8297 1590710013.982615947
#MPU6050 0.4589 0.1472 0.2791 0.8305 1590710014.31424045
#MPU6050 0.4597 0.1463 0.2778 0.8307 1590710014.51271915
#MPU6050 0.4645 0.1336 0.2512 0.8386 1590710014.101800918
#MPU6050 0.4648 0.1333 0.2499 0.8389 1590710014.141436100
#MPU6050 0.4646 0.1330 0.2487 0.8394 1590710014.187079906
#MPU6050 0.4642 0.1328 0.2475 0.8400 1590710014.236151933
#MPU6050 0.4641 0.1326 0.2463 0.8404 1590710014.281637907
#MPU6050 0.4641 0.1325 0.2458 0.8406 1590710014.303569078
#MPU6050 0.4642 0.1322 0.2448 0.8409 1590710014.348869085
#MPU6050 0.4640 0.1320 0.2436 0.8414 1590710014.394789934
#MPU6050 0.4636 0.1317 0.2426 0.8419 1590710014.443176031
#MPU6050 0.4637 0.1313 0.2416 0.8422 1590710014.489533901
#MPU6050 0.4606 0.1253 0.2278 0.8486 1590710014.529345035
#MPU6050 0.4604 0.1249 0.2274 0.8489 1590710014.550317049
#MPU6050 0.4603 0.1241 0.2265 0.8493 1590710014.597316026
#MPU6050 0.4608 0.1235 0.2254 0.8494 1590710014.649169921
#MPU6050 0.4610 0.1228 0.2242 0.8497 1590710014.693344116
#MPU6050 0.4598 0.1221 0.2231 0.8508 1590710014.741791963
#MPU6050 0.4587 0.1213 0.2220 0.8517 1590710014.789906978
#MPU6050 0.4586 0.1208 0.2206 0.8522 1590710014.833633899
#MPU6050 0.4589 0.1205 0.2198 0.8523 1590710014.854309082
#MPU6050 0.4590 0.1201 0.2181 0.8527 1590710014.899643898
#MPU6050 0.4576 0.1125 0.1981 0.8594 1590710014.944859027
#MPU6050 0.4577 0.1119 0.1967 0.8598 1590710014.989063024
#MPU6050 0.4570 0.1114 0.1953 0.8605 1590710015.33410072
#MPU6050 0.4567 0.1111 0.1945 0.8609 1590710015.55387020
#MPU6050 0.4566 0.1105 0.1931 0.8613 1590710015.97115993
#MPU6050 0.4570 0.1100 0.1918 0.8615 1590710015.142297983
#MPU6050 0.4572 0.1096 0.1904 0.8618 1590710015.191273927
#MPU6050 0.4572 0.1093 0.1892 0.8621 1590710015.238385915
#MPU6050 0.4575 0.1090 0.1880 0.8622 1590710015.284764051
#MPU6050 0.4578 0.1088 0.1866 0.8624 1590710015.337368965
#MPU6050 0.4562 0.1044 0.1696 0.8672 1590710015.382253885
#MPU6050 0.4565 0.1044 0.1690 0.8672 1590710015.405389070
#MPU6050 0.4570 0.1041 0.1682 0.8671 1590710015.451432943
#MPU6050 0.4572 0.1038 0.1675 0.8672 1590710015.497242927
#MPU6050 0.4572 0.1036 0.1667 0.8674 1590710015.543356895
#MPU6050 0.4573 0.1036 0.1660 0.8675 1590710015.588943958
#MPU6050 0.4575 0.1035 0.1653 0.8675 1590710015.636226892
#MPU6050 0.4576 0.1035 0.1649 0.8675 1590710015.654551029
#MPU6050 0.4579 0.1034 0.1644 0.8674 1590710015.703197002
#MPU6050 0.4581 0.1034 0.1639 0.8675 1590710015.747451066
#MPU6050 0.4575 0.1035 0.1617 0.8682 1590710015.839309930
#MPU6050 0.4575 0.1035 0.1616 0.8682 1590710015.883287906
#MPU6050 0.4575 0.1035 0.1614 0.8682 1590710015.904742002
#MPU6050 0.4577 0.1036 0.1614 0.8682 1590710015.952220916
#MPU6050 0.4578 0.1037 0.1613 0.8681 1590710015.997900962
#MPU6050 0.4578 0.1039 0.1612 0.8681 1590710016.44250011
#MPU6050 0.4577 0.1041 0.1612 0.8681 1590710016.90835094
#MPU6050 0.4577 0.1042 0.1612 0.8681 1590710016.137439966
#MPU6050 0.4578 0.1042 0.1613 0.8680 1590710016.186017036
#MPU6050 0.4577 0.1043 0.1613 0.8680 1590710016.207319021
#MPU6050 0.4572 0.1036 0.1610 0.8685 1590710016.252036094
#MPU6050 0.4572 0.1036 0.1610 0.8684 1590710016.294738054
#MPU6050 0.4572 0.1035 0.1609 0.8685 1590710016.340451002
#MPU6050 0.4570 0.1035 0.1609 0.8686 1590710016.389796972
#MPU6050 0.4572 0.1034 0.1608 0.8685 1590710016.434681892
#MPU6050 0.4573 0.1033 0.1607 0.8685 1590710016.455924987
#MPU6050 0.4574 0.1033 0.1606 0.8685 1590710016.500993013
#MPU6050 0.4571 0.1033 0.1604 0.8687 1590710016.546987056
#MPU6050 0.4571 0.1032 0.1602 0.8687 1590710016.593455076
#MPU6050 0.4573 0.1032 0.1600 0.8686 1590710016.640160083
#MPU6050 0.4583 0.1035 0.1588 0.8683 1590710016.709441900
#MPU6050 0.4584 0.1035 0.1587 0.8682 1590710016.751113891
#MPU6050 0.4587 0.1036 0.1588 0.8680 1590710016.798424005
#MPU6050 0.4592 0.1036 0.1590 0.8678 1590710016.843065977
#MPU6050 0.4595 0.1037 0.1591 0.8676 1590710016.888386964
#MPU6050 0.4595 0.1038 0.1592 0.8676 1590710016.908279895
#MPU6050 0.4596 0.1039 0.1593 0.8675 1590710016.956492900
#MPU6050 0.4598 0.1040 0.1594 0.8674 1590710017.2733945
#MPU6050 0.4599 0.1041 0.1595 0.8672 1590710017.47837018
#MPU6050 0.4598 0.1041 0.1596 0.8672 1590710017.91618061
#MPU6050 0.4598 0.1048 0.1592 0.8672 1590710017.137672901
#MPU6050 0.4598 0.1048 0.1592 0.8673 1590710017.157819986
#MPU6050 0.4598 0.1048 0.1592 0.8672 1590710017.207277059
#MPU6050 0.4600 0.1047 0.1592 0.8672 1590710017.253310918
#MPU6050 0.4601 0.1046 0.1594 0.8671 1590710017.301762104
#MPU6050 0.4602 0.1045 0.1594 0.8671 1590710017.349114894
#MPU6050 0.4601 0.1044 0.1594 0.8671 1590710017.394871950
#MPU6050 0.4600 0.1044 0.1594 0.8672 1590710017.438903093
#MPU6050 0.4598 0.1044 0.1592 0.8673 1590710017.486361026
#MPU6050 0.4597 0.1044 0.1592 0.8674 1590710017.506364107
#MPU6050 0.4608 0.1049 0.1579 0.8670 1590710017.547379970
#MPU6050 0.4609 0.1048 0.1578 0.8669 1590710017.592694997
#MPU6050 0.4611 0.1048 0.1578 0.8668 1590710017.637058973
#MPU6050 0.4613 0.1047 0.1578 0.8668 1590710017.658723115
#MPU6050 0.4615 0.1047 0.1577 0.8666 1590710017.702222108
#MPU6050 0.4616 0.1047 0.1576 0.8666 1590710017.753177881
#MPU6050 0.4615 0.1047 0.1575 0.8666 1590710017.798322916
#MPU6050 0.4617 0.1047 0.1573 0.8666 1590710017.842931032
#MPU6050 0.4620 0.1047 0.1573 0.8665 1590710017.887440919
#MPU6050 0.4622 0.1047 0.1572 0.8663 1590710017.906729936
#MPU6050 0.4624 0.1047 0.1572 0.8663 1590710017.956228971
#MPU6050 0.4629 0.1057 0.1569 0.8659 1590710018.38882017
#MPU6050 0.4628 0.1057 0.1570 0.8660 1590710018.58620929
#MPU6050 0.4626 0.1056 0.1572 0.8660 1590710018.107830047
#MPU6050 0.4626 0.1056 0.1575 0.8660 1590710018.151315927
#MPU6050 0.4628 0.1056 0.1577 0.8659 1590710018.195348024
#MPU6050 0.4630 0.1056 0.1578 0.8657 1590710018.237315893
#MPU6050 0.4631 0.1056 0.1578 0.8657 1590710018.257488012
#MPU6050 0.4626 0.1056 0.1579 0.8659 1590710018.306248903
#MPU6050 0.4622 0.1056 0.1580 0.8661 1590710018.350858926
#MPU6050 0.4623 0.1057 0.1580 0.8660 1590710018.399017095
#MPU6050 0.4617 0.1065 0.1577 0.8663 1590710018.461656093
#MPU6050 0.4617 0.1066 0.1577 0.8663 1590710018.504256963
#MPU6050 0.4619 0.1066 0.1577 0.8662 1590710018.550158023
#MPU6050 0.4622 0.1067 0.1577 0.8661 1590710018.594832897
#MPU6050 0.4621 0.1068 0.1577 0.8661 1590710018.640697002
#MPU6050 0.4621 0.1069 0.1577 0.8661 1590710018.660600900
#MPU6050 0.4622 0.1069 0.1577 0.8660 1590710018.706355094
#MPU6050 0.4622 0.1069 0.1578 0.8660 1590710018.755791902
#MPU6050 0.4620 0.1069 0.1579 0.8660 1590710018.803428888
#MPU6050 0.4621 0.1068 0.1580 0.8660 1590710018.853435993
#MPU6050 0.4607 0.1065 0.1580 0.8668 1590710018.897362947
#MPU6050 0.4603 0.1067 0.1580 0.8670 1590710018.944852113
#MPU6050 0.4597 0.1069 0.1580 0.8672 1590710018.990381002
#MPU6050 0.4596 0.1069 0.1580 0.8673 1590710019.13449907
#MPU6050 0.4597 0.1072 0.1580 0.8672 1590710019.53833961
#MPU6050 0.4597 0.1074 0.1580 0.8672 1590710019.100208044
#MPU6050 0.4595 0.1074 0.1580 0.8673 1590710019.150968074
#MPU6050 0.4592 0.1075 0.1579 0.8675 1590710019.197730064
#MPU6050 0.4590 0.1077 0.1578 0.8676 1590710019.240663051
#MPU6050 0.4590 0.1077 0.1577 0.8676 1590710019.261080980
#MPU6050 0.4588 0.1068 0.1592 0.8676 1590710019.346879005
#MPU6050 0.4589 0.1068 0.1592 0.8675 1590710019.397320985
#MPU6050 0.4592 0.1068 0.1592 0.8674 1590710019.440608978
#MPU6050 0.4593 0.1068 0.1592 0.8673 1590710019.462806940
#MPU6050 0.4593 0.1068 0.1591 0.8673 1590710019.505239009
#MPU6050 0.4590 0.1067 0.1591 0.8675 1590710019.550544023
#MPU6050 0.4590 0.1066 0.1589 0.8675 1590710019.602416038
#MPU6050 0.4594 0.1066 0.1588 0.8674 1590710019.645680904
#MPU6050 0.4595 0.1066 0.1586 0.8673 1590710019.691804885
#MPU6050 0.4594 0.1066 0.1585 0.8674 1590710019.711530923
#MPU6050 0.4594 0.1066 0.1566 0.8677 1590710019.758461952
#MPU6050 0.4597 0.1066 0.1567 0.8676 1590710019.805473089
#MPU6050 0.4598 0.1066 0.1568 0.8674 1590710019.850126028
#MPU6050 0.4598 0.1067 0.1569 0.8675 1590710019.895328998
#MPU6050 0.4597 0.1068 0.1570 0.8675 1590710019.945349931
#MPU6050 0.4597 0.1068 0.1570 0.8675 1590710019.962338924
#MPU6050 0.4598 0.1069 0.1571 0.8674 1590710020.11594057
#MPU6050 0.4599 0.1069 0.1573 0.8673 1590710020.56025028
#MPU6050 0.4599 0.1069 0.1575 0.8673 1590710020.101561069
#MPU6050 0.4598 0.1068 0.1578 0.8673 1590710020.149360895
#MPU6050 0.4575 0.1068 0.1593 0.8682 1590710020.194252967
#MPU6050 0.4575 0.1068 0.1594 0.8682 1590710020.245178937
#MPU6050 0.4574 0.1068 0.1594 0.8683 1590710020.263206958
#MPU6050 0.4573 0.1068 0.1595 0.8683 1590710020.306621074
#MPU6050 0.4571 0.1068 0.1596 0.8684 1590710020.355596065
#MPU6050 0.4572 0.1068 0.1597 0.8683 1590710020.400861978
#MPU6050 0.4571 0.1069 0.1599 0.8683 1590710020.446882009
#MPU6050 0.4568 0.1069 0.1600 0.8684 1590710020.489928960
#MPU6050 0.4567 0.1069 0.1600 0.8685 1590710020.515291929
#MPU6050 0.4567 0.1069 0.1602 0.8685 1590710020.561072111
#MPU6050 0.4568 0.1060 0.1606 0.8685 1590710020.653004884
#MPU6050 0.4570 0.1060 0.1605 0.8684 1590710020.697169065
#MPU6050 0.4569 0.1060 0.1604 0.8684 1590710020.741406917
#MPU6050 0.4568 0.1060 0.1603 0.8685 1590710020.765495061
#MPU6050 0.4567 0.1059 0.1601 0.8686 1590710020.809710025
#MPU6050 0.4568 0.1060 0.1599 0.8686 1590710020.855853080
#MPU6050 0.4569 0.1060 0.1597 0.8686 1590710020.899477958
#MPU6050 0.4567 0.1060 0.1595 0.8687 1590710020.943160057
#MPU6050 0.4568 0.1060 0.1592 0.8687 1590710020.995467901
#MPU6050 0.4570 0.1061 0.1591 0.8687 1590710021.15985012
#MPU6050 0.4575 0.1064 0.1588 0.8683 1590710021.61026096
#MPU6050 0.4577 0.1065 0.1589 0.8682 1590710021.104659080
#MPU6050 0.4580 0.1066 0.1589 0.8680 1590710021.149653911
#MPU6050 0.4579 0.1067 0.1589 0.8680 1590710021.200946092
#MPU6050 0.4578 0.1068 0.1589 0.8682 1590710021.247025966
#MPU6050 0.4577 0.1069 0.1589 0.8682 1590710021.294397115
#MPU6050 0.4578 0.1069 0.1589 0.8682 1590710021.315006017
#MPU6050 0.4578 0.1069 0.1588 0.8682 1590710021.357901096
#MPU6050 0.4576 0.1070 0.1586 0.8683 1590710021.407767057
#MPU6050 0.4576 0.1070 0.1584 0.8683 1590710021.458132028
#MPU6050 0.4576 0.1066 0.1581 0.8684 1590710021.506508111
#MPU6050 0.4578 0.1066 0.1581 0.8683 1590710021.553807973
#MPU6050 0.4575 0.1067 0.1583 0.8684 1590710021.603600025
#MPU6050 0.4573 0.1068 0.1584 0.8685 1590710021.650216102
#MPU6050 0.4574 0.1068 0.1586 0.8684 1590710021.696847915
#MPU6050 0.4575 0.1068 0.1587 0.8683 1590710021.716352939
#MPU6050 0.4575 0.1068 0.1589 0.8683 1590710021.765012979
#MPU6050 0.4572 0.1068 0.1591 0.8684 1590710021.813328027
#MPU6050 0.4571 0.1068 0.1593 0.8685 1590710021.856794118
#MPU6050 0.4568 0.1066 0.1619 0.8682 1590710021.948127031
#MPU6050 0.4564 0.1064 0.1619 0.8683 1590710021.994406938
#MPU6050 0.4564 0.1063 0.1619 0.8684 1590710022.16949892
#MPU6050 0.4562 0.1062 0.1617 0.8685 1590710022.64050912
#MPU6050 0.4559 0.1060 0.1616 0.8687 1590710022.108083009
#MPU6050 0.4558 0.1058 0.1616 0.8688 1590710022.160739898
#MPU6050 0.4557 0.1057 0.1614 0.8689 1590710022.207022905
#MPU6050 0.4554 0.1055 0.1613 0.8691 1590710022.249059915
#MPU6050 0.4552 0.1054 0.1614 0.8692 1590710022.297925949
#MPU6050 0.4551 0.1053 0.1614 0.8693 1590710022.318288087
#MPU6050 0.4500 0.1071 0.1705 0.8700 1590710022.365978002
#MPU6050 0.4486 0.1070 0.1722 0.8704 1590710022.410505056
#MPU6050 0.4470 0.1070 0.1740 0.8708 1590710022.460371971
#MPU6050 0.4452 0.1069 0.1760 0.8713 1590710022.505722045
#MPU6050 0.4438 0.1068 0.1782 0.8716 1590710022.551204919
#MPU6050 0.4427 0.1066 0.1804 0.8718 1590710022.596683979
#MPU6050 0.4421 0.1066 0.1815 0.8718 1590710022.616705894
#MPU6050 0.4403 0.1066 0.1836 0.8723 1590710022.664486885
#MPU6050 0.4385 0.1066 0.1858 0.8727 1590710022.712647914
#MPU6050 0.4371 0.1065 0.1880 0.8730 1590710022.759327888
#MPU6050 0.3882 0.1048 0.2242 0.8876 1590710022.802850008
#MPU6050 0.3842 0.1047 0.2275 0.8886 1590710022.848764896
#MPU6050 0.3822 0.1047 0.2292 0.8890 1590710022.870021104
#MPU6050 0.3782 0.1045 0.2327 0.8898 1590710022.920804023
#MPU6050 0.3745 0.1042 0.2361 0.8905 1590710022.963336944
#MPU6050 0.3713 0.1041 0.2395 0.8910 1590710023.23016929
#MPU6050 0.3688 0.1039 0.2427 0.8912 1590710023.61482906
#MPU6050 0.3661 0.1039 0.2459 0.8914 1590710023.110431909
#MPU6050 0.3636 0.1038 0.2491 0.8915 1590710023.157567024
#MPU6050 0.3611 0.1037 0.2524 0.8917 1590710023.202974081
#MPU6050 0.3328 0.1036 0.2936 0.8901 1590710023.247601985
#MPU6050 0.3320 0.1035 0.2951 0.8899 1590710023.271347999
#MPU6050 0.3305 0.1035 0.2980 0.8895 1590710023.316777944
#MPU6050 0.3292 0.1036 0.3010 0.8890 1590710023.361130952
#MPU6050 0.3273 0.1037 0.3039 0.8886 1590710023.418263912
#MPU6050 0.3251 0.1037 0.3069 0.8884 1590710023.464898109
#MPU6050 0.3226 0.1037 0.3099 0.8882 1590710023.508497953
#MPU6050 0.3206 0.1037 0.3129 0.8879 1590710023.564784049
#MPU6050 0.3186 0.1037 0.3161 0.8876 1590710023.610857009
#MPU6050 0.2812 0.1046 0.3751 0.8770 1590710023.707585096
#MPU6050 0.2787 0.1045 0.3795 0.8759 1590710023.766275882
#MPU6050 0.2762 0.1043 0.3839 0.8748 1590710023.812305927
#MPU6050 0.2736 0.1042 0.3881 0.8738 1590710023.865684986
#MPU6050 0.2709 0.1041 0.3922 0.8729 1590710023.907479047
#MPU6050 0.2686 0.1041 0.3963 0.8717 1590710023.958666086
#MPU6050 0.2664 0.1040 0.4003 0.8705 1590710024.9643077
#MPU6050 0.2334 0.1028 0.4507 0.8554 1590710024.106822013
#MPU6050 0.2315 0.1027 0.4539 0.8542 1590710024.155819892
#MPU6050 0.2297 0.1026 0.4570 0.8531 1590710024.201267004
#MPU6050 0.2289 0.1026 0.4584 0.8525 1590710024.222420930
#MPU6050 0.2271 0.1026 0.4627 0.8507 1590710024.302493095
#MPU6050 0.2264 0.1026 0.4641 0.8502 1590710024.321264028
#MPU6050 0.2253 0.1025 0.4667 0.8489 1590710024.374680042
#MPU6050 0.2233 0.1025 0.4706 0.8474 1590710024.450196981
#MPU6050 0.2082 0.1027 0.5005 0.8340 1590710024.515188932
#MPU6050 0.2070 0.1027 0.5026 0.8330 1590710024.575512886
#MPU6050 0.2054 0.1025 0.5048 0.8321 1590710024.618942022
#MPU6050 0.2036 0.1024 0.5071 0.8311 1590710024.665386915
#MPU6050 0.2018 0.1024 0.5096 0.8301 1590710024.720769882
#MPU6050 0.2001 0.1023 0.5121 0.8289 1590710024.774343013
#MPU6050 0.1981 0.1023 0.5148 0.8278 1590710024.815705060
#MPU6050 0.1679 0.1046 0.5597 0.8047 1590710024.918791055
#MPU6050 0.1659 0.1047 0.5629 0.8029 1590710024.966006040
#MPU6050 0.1642 0.1049 0.5661 0.8009 1590710025.15080928
#MPU6050 0.1630 0.1052 0.5692 0.7989 1590710025.69685935
#MPU6050 0.1619 0.1053 0.5723 0.7969 1590710025.116142034
#MPU6050 0.1607 0.1056 0.5753 0.7949 1590710025.166440010
#MPU6050 0.1593 0.1058 0.5784 0.7930 1590710025.215707063
#MPU6050 0.1577 0.1060 0.5814 0.7911 1590710025.263278007
#MPU6050 0.1337 0.1097 0.6168 0.7678 1590710025.304636001
#MPU6050 0.1320 0.1099 0.6190 0.7663 1590710025.352138042
#MPU6050 0.1310 0.1100 0.6201 0.7656 1590710025.374068021
#MPU6050 0.1291 0.1104 0.6221 0.7642 1590710025.429245948
#MPU6050 0.1275 0.1110 0.6239 0.7629 1590710025.473223924
#MPU6050 0.1260 0.1116 0.6257 0.7617 1590710025.524003028
#MPU6050 0.1243 0.1121 0.6274 0.7604 1590710025.568145990
#MPU6050 0.1224 0.1127 0.6293 0.7590 1590710025.616229057
#MPU6050 0.1207 0.1133 0.6314 0.7575 1590710025.663161039
#MPU6050 0.1013 0.1184 0.6556 0.7388 1590710025.755328893
#MPU6050 0.1008 0.1185 0.6561 0.7384 1590710025.774241924
#MPU6050 0.0994 0.1189 0.6577 0.7371 1590710025.853689908
#MPU6050 0.0989 0.1191 0.6581 0.7367 1590710025.873111009
#MPU6050 0.0980 0.1196 0.6592 0.7358 1590710025.922219991
#MPU6050 0.0972 0.1198 0.6604 0.7349 1590710025.971611022
#MPU6050 0.0964 0.1201 0.6614 0.7339 1590710026.12518882
#MPU6050 0.0959 0.1206 0.6624 0.7330 1590710026.56632041
#MPU6050 0.0955 0.1212 0.6634 0.7321 1590710026.105315923
#MPU6050 0.0853 0.1249 0.6779 0.7194 1590710026.148962020
#MPU6050 0.0849 0.1249 0.6785 0.7188 1590710026.171823978
#MPU6050 0.0843 0.1250 0.6797 0.7178 1590710026.224296092
#MPU6050 0.0840 0.1251 0.6808 0.7167 1590710026.260976076
#MPU6050 0.0836 0.1249 0.6819 0.7158 1590710026.310925006
#MPU6050 0.0832 0.1245 0.6830 0.7148 1590710026.362999916
#MPU6050 0.0827 0.1241 0.6840 0.7141 1590710026.425432920
#MPU6050 0.0823 0.1238 0.6846 0.7134 1590710026.469085931
#MPU6050 0.0821 0.1237 0.6851 0.7131 1590710026.517576932
#MPU6050 0.0810 0.1263 0.6833 0.7144 1590710026.564043998
#MPU6050 0.0807 0.1263 0.6835 0.7143 1590710026.610541105
#MPU6050 0.0807 0.1263 0.6837 0.7141 1590710026.660475015
#MPU6050 0.0808 0.1265 0.6838 0.7140 1590710026.705586910
#MPU6050 0.0809 0.1266 0.6838 0.7139 1590710026.726380109
#MPU6050 0.0807 0.1268 0.6839 0.7139 1590710026.768445014
#MPU6050 0.0804 0.1270 0.6840 0.7138 1590710026.816423892
#MPU6050 0.0800 0.1272 0.6841 0.7136 1590710026.862500905
#MPU6050 0.0797 0.1273 0.6843 0.7135 1590710026.910595893
#MPU6050 0.0795 0.1274 0.6844 0.7134 1590710026.959106922
#MPU6050 0.0787 0.1294 0.6827 0.7147 1590710027.7790088
#MPU6050 0.0786 0.1293 0.6826 0.7150 1590710027.55144071
#MPU6050 0.0787 0.1293 0.6824 0.7150 1590710027.79639911
#MPU6050 0.0787 0.1293 0.6823 0.7152 1590710027.122960090
#MPU6050 0.0789 0.1293 0.6821 0.7153 1590710027.209265947
#MPU6050 0.0789 0.1293 0.6820 0.7154 1590710027.227475881
#MPU6050 0.0787 0.1290 0.6820 0.7155 1590710027.309261083
#MPU6050 0.0787 0.1290 0.6820 0.7155 1590710027.327016115
#MPU6050 0.0788 0.1290 0.6819 0.7155 1590710027.374862909
#MPU6050 0.0804 0.1302 0.6814 0.7157 1590710027.423995018
#MPU6050 0.0801 0.1304 0.6813 0.7157 1590710027.476475000
#MPU6050 0.0798 0.1306 0.6813 0.7157 1590710027.526957988
#MPU6050 0.0797 0.1307 0.6813 0.7158 1590710027.574774980
#MPU6050 0.0797 0.1309 0.6812 0.7159 1590710027.624710083
#MPU6050 0.0796 0.1308 0.6811 0.7159 1590710027.676986932
#MPU6050 0.0797 0.1309 0.6810 0.7160 1590710027.717103958
#MPU6050 0.0800 0.1309 0.6809 0.7161 1590710027.764008045
#MPU6050 0.0802 0.1320 0.6807 0.7160 1590710027.855127096
#MPU6050 0.0801 0.1320 0.6808 0.7159 1590710027.877854108
#MPU6050 0.0801 0.1318 0.6810 0.7158 1590710027.956476926
#MPU6050 0.0801 0.1319 0.6811 0.7157 1590710027.976032972
#MPU6050 0.0803 0.1320 0.6812 0.7156 1590710028.23786067
#MPU6050 0.0804 0.1321 0.6813 0.7155 1590710028.69698095
#MPU6050 0.0806 0.1321 0.6814 0.7153 1590710028.113800048
#MPU6050 0.0806 0.1321 0.6815 0.7152 1590710028.171010971
#MPU6050 0.0806 0.1321 0.6816 0.7151 1590710028.213007926
#MPU6050 0.0818 0.1327 0.6823 0.7142 1590710028.268268108
#MPU6050 0.0818 0.1328 0.6823 0.7142 1590710028.319799900
#MPU6050 0.0817 0.1328 0.6821 0.7143 1590710028.371615886
#MPU6050 0.0818 0.1329 0.6821 0.7144 1590710028.417900085
#MPU6050 0.0818 0.1329 0.6820 0.7144 1590710028.475768089
#MPU6050 0.0818 0.1328 0.6820 0.7145 1590710028.525041103
#MPU6050 0.0820 0.1328 0.6820 0.7144 1590710028.571631908
#MPU6050 0.0823 0.1328 0.6820 0.7144 1590710028.618808031
#MPU6050 0.0838 0.1339 0.6813 0.7147 1590710028.664262056
#MPU6050 0.0842 0.1340 0.6813 0.7146 1590710028.713036060
#MPU6050 0.0844 0.1340 0.6815 0.7144 1590710028.762268066
#MPU6050 0.0844 0.1341 0.6816 0.7144 1590710028.783951997
#MPU6050 0.0843 0.1342 0.6819 0.7141 1590710028.853116035
#MPU6050 0.0842 0.1342 0.6819 0.7139 1590710028.877836942
#MPU6050 0.0839 0.1344 0.6821 0.7138 1590710028.922868013
#MPU6050 0.0836 0.1346 0.6823 0.7136 1590710028.966187000
#MPU6050 0.0831 0.1348 0.6825 0.7134 1590710029.21081924
#MPU6050 0.0837 0.1355 0.6819 0.7139 1590710029.109167098
#MPU6050 0.0840 0.1356 0.6818 0.7139 1590710029.163382053
#MPU6050 0.0842 0.1354 0.6817 0.7140 1590710029.211611032
#MPU6050 0.0842 0.1353 0.6817 0.7140 1590710029.261850118
#MPU6050 0.0842 0.1351 0.6818 0.7140 1590710029.307707071
#MPU6050 0.0842 0.1351 0.6818 0.7140 1590710029.332911968
#MPU6050 0.0843 0.1351 0.6818 0.7139 1590710029.375627994
#MPU6050 0.0844 0.1351 0.6818 0.7139 1590710029.424140930
#MPU6050 0.0845 0.1352 0.6818 0.7139 1590710029.470015048
#MPU6050 0.0845 0.1353 0.6825 0.7132 1590710029.558305978
#MPU6050 0.0845 0.1353 0.6825 0.7132 1590710029.577124118
#MPU6050 0.0845 0.1353 0.6826 0.7131 1590710029.622302055
#MPU6050 0.0845 0.1353 0.6826 0.7131 1590710029.669302940
#MPU6050 0.0845 0.1354 0.6827 0.7130 1590710029.714677095
#MPU6050 0.0844 0.1356 0.6827 0.7130 1590710029.764990091
#MPU6050 0.0842 0.1356 0.6828 0.7129 1590710029.781964063
#MPU6050 0.0842 0.1356 0.6829 0.7128 1590710029.827929973
#MPU6050 0.0842 0.1356 0.6830 0.7127 1590710029.873761892
#MPU6050 0.0844 0.1357 0.6830 0.7126 1590710029.918828964
#MPU6050 0.0854 0.1370 0.6830 0.7122 1590710029.962332010
#MPU6050 0.0856 0.1372 0.6831 0.7121 1590710030.8712053
#MPU6050 0.0856 0.1373 0.6832 0.7120 1590710030.29071092
#MPU6050 0.0854 0.1373 0.6833 0.7119 1590710030.77408075
#MPU6050 0.0852 0.1373 0.6835 0.7118 1590710030.122792959
#MPU6050 0.0850 0.1373 0.6836 0.7117 1590710030.172951936
#MPU6050 0.0849 0.1373 0.6837 0.7117 1590710030.216308116
#MPU6050 0.0849 0.1373 0.6837 0.7117 1590710030.262240886
#MPU6050 0.0848 0.1372 0.6837 0.7117 1590710030.311304092
#MPU6050 0.0849 0.1372 0.6837 0.7117 1590710030.330606937
#MPU6050 0.0853 0.1380 0.6838 0.7114 1590710030.421310901
#MPU6050 0.0853 0.1380 0.6840 0.7112 1590710030.464483976
#MPU6050 0.0853 0.1379 0.6840 0.7112 1590710030.513195037
#MPU6050 0.0853 0.1379 0.6840 0.7111 1590710030.534648895
#MPU6050 0.0854 0.1379 0.6841 0.7111 1590710030.582503080
#MPU6050 0.0855 0.1379 0.6841 0.7111 1590710030.626231908
#MPU6050 0.0856 0.1378 0.6841 0.7111 1590710030.675283908
#MPU6050 0.0858 0.1378 0.6840 0.7111 1590710030.721411943
#MPU6050 0.0862 0.1379 0.6840 0.7111 1590710030.771562099
#MPU6050 0.0883 0.1379 0.6841 0.7106 1590710030.816540956
#MPU6050 0.0883 0.1380 0.6843 0.7106 1590710030.862914085
#MPU6050 0.0883 0.1381 0.6843 0.7105 1590710030.884855985
#MPU6050 0.0883 0.1381 0.6843 0.7104 1590710030.930955886
#MPU6050 0.0883 0.1381 0.6843 0.7104 1590710030.975307941
#MPU6050 0.0884 0.1382 0.6843 0.7104 1590710031.25475025
#MPU6050 0.0883 0.1382 0.6843 0.7104 1590710031.69546937
#MPU6050 0.0880 0.1382 0.6844 0.7104 1590710031.115356922
#MPU6050 0.0875 0.1382 0.6845 0.7104 1590710031.170022010
#MPU6050 0.0872 0.1382 0.6846 0.7103 1590710031.211369037
#MPU6050 0.0883 0.1380 0.6860 0.7089 1590710031.259771108
#MPU6050 0.0884 0.1380 0.6860 0.7088 1590710031.280997991
#MPU6050 0.0886 0.1379 0.6861 0.7087 1590710031.328639030
#MPU6050 0.0887 0.1379 0.6863 0.7086 1590710031.373765945
#MPU6050 0.0890 0.1379 0.6863 0.7084 1590710031.418176889
#MPU6050 0.0891 0.1380 0.6865 0.7083 1590710031.462029933
#MPU6050 0.0891 0.1380 0.6865 0.7083 1590710031.486588954
#MPU6050 0.0889 0.1380 0.6866 0.7082 1590710031.526864051
#MPU6050 0.0887 0.1381 0.6867 0.7081 1590710031.574414968
#MPU6050 0.0886 0.1382 0.6868 0.7080 1590710031.620786905
#MPU6050 0.0886 0.1383 0.6868 0.7079 1590710031.663551092
#MPU6050 0.0905 0.1392 0.6861 0.7083 1590710031.725747108
#MPU6050 0.0908 0.1393 0.6859 0.7084 1590710031.771365880
#MPU6050 0.0909 0.1393 0.6857 0.7086 1590710031.820260047
#MPU6050 0.0910 0.1394 0.6855 0.7087 1590710031.866225957
#MPU6050 0.0909 0.1395 0.6854 0.7088 1590710031.913887023
#MPU6050 0.0908 0.1395 0.6853 0.7089 1590710031.932507991
#MPU6050 0.0906 0.1395 0.6852 0.7090 1590710031.983289003
#MPU6050 0.0905 0.1396 0.6852 0.7090 1590710032.28774976
#MPU6050 0.0905 0.1396 0.6851 0.7092 1590710032.75984001
#MPU6050 0.0917 0.1403 0.6841 0.7098 1590710032.119318962
#MPU6050 0.0916 0.1404 0.6841 0.7097 1590710032.160825967
#MPU6050 0.0914 0.1404 0.6842 0.7097 1590710032.182028055
#MPU6050 0.0913 0.1406 0.6842 0.7097 1590710032.234126091
#MPU6050 0.0912 0.1407 0.6842 0.7097 1590710032.280601978
#MPU6050 0.0910 0.1409 0.6843 0.7096 1590710032.323209047
#MPU6050 0.0909 0.1409 0.6843 0.7095 1590710032.371790885
#MPU6050 0.0909 0.1409 0.6844 0.7095 1590710032.419023036
#MPU6050 0.0911 0.1409 0.6844 0.7094 1590710032.465442895
#MPU6050 0.0912 0.1409 0.6844 0.7094 1590710032.485320091
#MPU6050 0.0906 0.1417 0.6860 0.7078 1590710032.570508003
#MPU6050 0.0903 0.1417 0.6861 0.7078 1590710032.616269111
#MPU6050 0.0899 0.1417 0.6861 0.7078 1590710032.663986921
#MPU6050 0.0897 0.1417 0.6862 0.7078 1590710032.685146093
#MPU6050 0.0894 0.1417 0.6862 0.7078 1590710032.732315063
#MPU6050 0.0894 0.1416 0.6862 0.7078 1590710032.775137901
#MPU6050 0.0895 0.1415 0.6861 0.7079 1590710032.825340986
#MPU6050 0.0898 0.1414 0.6860 0.7079 1590710032.871356010
#MPU6050 0.0903 0.1412 0.6860 0.7080 1590710032.915658950
#MPU6050 0.0905 0.1411 0.6859 0.7080 1590710032.937896966
#MPU6050 0.0947 0.1428 0.6852 0.7078 1590710032.977376937
#MPU6050 0.0952 0.1431 0.6851 0.7078 1590710033.20926952
#MPU6050 0.0957 0.1435 0.6851 0.7077 1590710033.68891048
#MPU6050 0.0961 0.1438 0.6849 0.7077 1590710033.123028993
#MPU6050 0.0964 0.1440 0.6849 0.7076 1590710033.163157939
#MPU6050 0.0966 0.1442 0.6849 0.7076 1590710033.185189008
#MPU6050 0.0968 0.1444 0.6849 0.7075 1590710033.231287002
#MPU6050 0.0971 0.1447 0.6849 0.7075 1590710033.279421091
#MPU6050 0.0973 0.1450 0.6849 0.7073 1590710033.325618982
#MPU6050 0.0975 0.1452 0.6849 0.7073 1590710033.369349002
#MPU6050 0.1071 0.1511 0.6846 0.7050 1590710033.414577007
#MPU6050 0.1075 0.1514 0.6846 0.7048 1590710033.433418035
#MPU6050 0.1084 0.1522 0.6847 0.7044 1590710033.484253883
#MPU6050 0.1092 0.1530 0.6848 0.7041 1590710033.531897068
#MPU6050 0.1100 0.1538 0.6848 0.7037 1590710033.575088024
#MPU6050 0.1110 0.1549 0.6846 0.7035 1590710033.621066093
#MPU6050 0.1122 0.1561 0.6844 0.7032 1590710033.666780948
#MPU6050 0.1130 0.1567 0.6843 0.7030 1590710033.689483880
#MPU6050 0.1144 0.1580 0.6841 0.7028 1590710033.735469102
#MPU6050 0.1163 0.1594 0.6838 0.7024 1590710033.780611991
#MPU6050 0.1478 0.1897 0.6768 0.6958 1590710033.871895074
#MPU6050 0.1494 0.1917 0.6764 0.6953 1590710033.915301084
#MPU6050 0.1503 0.1927 0.6762 0.6949 1590710033.935913085
#MPU6050 0.1521 0.1947 0.6758 0.6943 1590710033.982525110
#MPU6050 0.1537 0.1967 0.6755 0.6937 1590710034.29733896
#MPU6050 0.1556 0.1990 0.6750 0.6931 1590710034.75732946
#MPU6050 0.1576 0.2013 0.6745 0.6925 1590710034.119313955
#MPU6050 0.1595 0.2036 0.6739 0.6920 1590710034.167874097
#MPU6050 0.1605 0.2048 0.6736 0.6917 1590710034.189244031
#MPU6050 0.1625 0.2075 0.6729 0.6911 1590710034.233663082
#MPU6050 0.1856 0.2476 0.6578 0.6866 1590710034.320185899
#MPU6050 0.1871 0.2498 0.6573 0.6859 1590710034.373941898
#MPU6050 0.1880 0.2509 0.6571 0.6855 1590710034.388664960
#MPU6050 0.1901 0.2533 0.6565 0.6846 1590710034.439208984
#MPU6050 -0.1406 -1.9531 1.3750 -1.6850 1590710034.529696941
#MPU6050 0.1094 -1.0001 0.4375 -0.6694 1590710034.584151983
#MPU6050 0.2253 0.2909 0.6439 0.6707 1590710034.731899023
#MPU6050 0.2273 0.2932 0.6428 0.6702 1590710034.794466972
#MPU6050 0.2302 0.2966 0.6409 0.6695 1590710034.878300905
#MPU6050 0.2319 0.2990 0.6398 0.6689 1590710034.951519966
#MPU6050 0.2330 0.3011 0.6389 0.6684 1590710034.989450931
#MPU6050 0.2419 0.3334 0.6250 0.6630 1590710035.78458070
#MPU6050 0.2443 0.3366 0.6226 0.6628 1590710035.180349111
#MPU6050 0.2472 0.3399 0.6201 0.6624 1590710035.276357889
#MPU6050 0.2496 0.3422 0.6182 0.6620 1590710035.354099988
#MPU6050 0.2769 0.3734 0.5981 0.6527 1590710035.439580917
#MPU6050 0.2797 0.3762 0.5964 0.6514 1590710035.526565074
#MPU6050 0.2814 0.3782 0.5953 0.6505 1590710035.584920883
#MPU6050 0.3060 0.4058 0.5771 0.6392 1590710035.790862083
#MPU6050 0.3074 0.4075 0.5759 0.6385 1590710035.846391916
#MPU6050 0.3093 0.4100 0.5742 0.6376 1590710035.940737962
#MPU6050 0.3104 0.4117 0.5731 0.6369 1590710035.991731882
#MPU6050 0.3300 0.4379 0.5525 0.6277 1590710036.143019914
#MPU6050 0.3311 0.4404 0.5504 0.6273 1590710036.238677024
#MPU6050 0.3337 0.4436 0.5475 0.6260 1590710036.399060964
#MPU6050 0.3522 0.4680 0.5291 0.6140 1590710036.539076089
#MPU6050 0.3526 0.4697 0.5283 0.6131 1590710036.578792095
#MPU6050 0.3533 0.4716 0.5272 0.6122 1590710036.639818906
#MPU6050 0.3540 0.4734 0.5261 0.6113 1590710036.699754953
#MPU6050 0.3557 0.4760 0.5242 0.6099 1590710036.787772893
#MPU6050 0.3800 0.5005 0.5027 0.5936 1590710036.884066104
#MPU6050 0.3812 0.5024 0.5012 0.5925 1590710036.951831102
#MPU6050 0.3826 0.5053 0.4991 0.5909 1590710037.40744066
#MPU6050 0.3835 0.5072 0.4977 0.5898 1590710037.100541114
#MPU6050 0.3846 0.5101 0.4958 0.5881 1590710037.176069974
#MPU6050 0.3887 0.5355 0.4817 0.5745 1590710037.286875963
#MPU6050 0.3888 0.5382 0.4803 0.5730 1590710037.406646966
#MPU6050 0.3892 0.5400 0.4792 0.5720 1590710037.461661100
#MPU6050 0.3898 0.5425 0.4777 0.5704 1590710037.571427106
#MPU6050 0.3986 0.5643 0.4630 0.5553 1590710037.716782093
