#MPU6050 -0.6523 -0.1683 0.6575 -0.3373 1590422052.788922071
#MPU6050 -0.6521 -0.1686 0.6573 -0.3380 1590422052.840523004
#MPU6050 -0.6518 -0.1691 0.6572 -0.3387 1590422052.884603023
#MPU6050 -0.6515 -0.1695 0.6569 -0.3396 1590422052.930380105
#MPU6050 -0.6511 -0.1699 0.6567 -0.3405 1590422052.978538036
#MPU6050 -0.6507 -0.1703 0.6566 -0.3414 1590422053.24466991
#MPU6050 -0.6505 -0.1705 0.6564 -0.3419 1590422053.44498920
#MPU6050 -0.6501 -0.1710 0.6562 -0.3428 1590422053.90121984
#MPU6050 -0.6451 -0.1758 0.6554 -0.3513 1590422053.136615991
#MPU6050 -0.6450 -0.1760 0.6555 -0.3513 1590422053.184765100
#MPU6050 -0.6448 -0.1761 0.6558 -0.3511 1590422053.231249094
#MPU6050 -0.6448 -0.1759 0.6561 -0.3506 1590422053.277873992
#MPU6050 -0.6449 -0.1757 0.6562 -0.3503 1590422053.295301914
#MPU6050 -0.6451 -0.1754 0.6566 -0.3495 1590422053.342713117
#MPU6050 -0.6452 -0.1749 0.6569 -0.3487 1590422053.389471054
#MPU6050 -0.6454 -0.1744 0.6572 -0.3480 1590422053.433798074
#MPU6050 -0.6456 -0.1739 0.6575 -0.3475 1590422053.482697963
#MPU6050 -0.6457 -0.1735 0.6577 -0.3470 1590422053.524116039
#MPU6050 -0.6448 -0.1721 0.6607 -0.3436 1590422053.592653036
#MPU6050 -0.6450 -0.1711 0.6615 -0.3423 1590422053.635049104
#MPU6050 -0.6453 -0.1697 0.6623 -0.3409 1590422053.679033041
#MPU6050 -0.6456 -0.1680 0.6632 -0.3394 1590422053.730685949
#MPU6050 -0.6460 -0.1660 0.6641 -0.3378 1590422053.774729013
#MPU6050 -0.6463 -0.1650 0.6645 -0.3369 1590422053.798289060
#MPU6050 -0.6469 -0.1631 0.6653 -0.3351 1590422053.845725059
#MPU6050 -0.6476 -0.1613 0.6661 -0.3331 1590422053.892038106
#MPU6050 -0.6484 -0.1592 0.6667 -0.3311 1590422053.932511091
#MPU6050 -0.6531 -0.1454 0.6716 -0.3183 1590422054.27529954
#MPU6050 -0.6534 -0.1442 0.6722 -0.3169 1590422054.47811031
#MPU6050 -0.6541 -0.1419 0.6733 -0.3142 1590422054.90778112
#MPU6050 -0.6545 -0.1400 0.6745 -0.3116 1590422054.138360977
#MPU6050 -0.6550 -0.1382 0.6757 -0.3089 1590422054.183880090
#MPU6050 -0.6554 -0.1365 0.6768 -0.3063 1590422054.232615947
#MPU6050 -0.6558 -0.1351 0.6778 -0.3038 1590422054.276974916
#MPU6050 -0.6561 -0.1345 0.6782 -0.3026 1590422054.301486015
#MPU6050 -0.6565 -0.1332 0.6791 -0.3004 1590422054.342468023
#MPU6050 -0.6568 -0.1321 0.6797 -0.2986 1590422054.387438058
#MPU6050 -0.6552 -0.1386 0.6774 -0.3046 1590422054.437288045
#MPU6050 -0.6550 -0.1387 0.6772 -0.3052 1590422054.478492975
#MPU6050 -0.6548 -0.1387 0.6772 -0.3055 1590422054.498251914
#MPU6050 -0.6547 -0.1387 0.6772 -0.3060 1590422054.546350955
#MPU6050 -0.6545 -0.1387 0.6772 -0.3063 1590422054.591900110
#MPU6050 -0.6544 -0.1387 0.6772 -0.3065 1590422054.643986940
#MPU6050 -0.6544 -0.1386 0.6772 -0.3065 1590422054.690985918
#MPU6050 -0.6544 -0.1384 0.6774 -0.3063 1590422054.737488031
#MPU6050 -0.6544 -0.1381 0.6776 -0.3060 1590422054.784037113
#MPU6050 -0.6544 -0.1378 0.6778 -0.3058 1590422054.826106071
#MPU6050 -0.6547 -0.1510 0.6666 -0.3230 1590422054.888866901
#MPU6050 -0.6575 -0.1516 0.6627 -0.3249 1590422054.934395074
#MPU6050 -0.6608 -0.1519 0.6581 -0.3275 1590422054.980555057
#MPU6050 -0.6641 -0.1514 0.6534 -0.3303 1590422055.27242898
#MPU6050 -0.6658 -0.1510 0.6511 -0.3317 1590422055.51198005
#MPU6050 -0.6691 -0.1497 0.6468 -0.3342 1590422055.92720031
#MPU6050 -0.6726 -0.1473 0.6425 -0.3363 1590422055.138530969
#MPU6050 -0.6762 -0.1445 0.6379 -0.3391 1590422055.185904979
#MPU6050 -0.6797 -0.1418 0.6330 -0.3423 1590422055.234265089
#MPU6050 -0.7295 -0.1070 0.5401 -0.4059 1590422055.295310974
#MPU6050 -0.7344 -0.1009 0.5328 -0.4082 1590422055.343096017
#MPU6050 -0.7388 -0.0950 0.5251 -0.4116 1590422055.387825012
#MPU6050 -0.7434 -0.0887 0.5175 -0.4145 1590422055.439269065
#MPU6050 -0.7489 -0.0808 0.5098 -0.4157 1590422055.483561038
#MPU6050 -0.7547 -0.0724 0.5015 -0.4169 1590422055.530848979
#MPU6050 -0.7571 -0.0687 0.4970 -0.4185 1590422055.550179958
#MPU6050 -0.7609 -0.0619 0.4875 -0.4238 1590422055.596182107
#MPU6050 -0.7647 -0.0550 0.4778 -0.4288 1590422055.642857074
#MPU6050 -0.7689 -0.0475 0.4679 -0.4333 1590422055.688396930
#MPU6050 -0.8004 0.0662 0.3152 -0.5057 1590422055.729909896
#MPU6050 -0.8020 0.0715 0.3085 -0.5065 1590422055.750577926
#MPU6050 -0.8051 0.0818 0.2947 -0.5084 1590422055.796875000
#MPU6050 -0.8075 0.0919 0.2803 -0.5109 1590422055.847764968
#MPU6050 -0.8094 0.1016 0.2657 -0.5137 1590422055.891741991
#MPU6050 -0.8112 0.1111 0.2512 -0.5164 1590422055.934762001
#MPU6050 -0.8127 0.1207 0.2373 -0.5182 1590422055.981738090
#MPU6050 -0.8135 0.1256 0.2305 -0.5190 1590422056.4148006
#MPU6050 -0.8145 0.1353 0.2171 -0.5209 1590422056.50228118
#MPU6050 -0.8142 0.1447 0.2040 -0.5240 1590422056.93447923
#MPU6050 -0.8093 0.2752 0.0534 -0.5162 1590422056.179286956
#MPU6050 -0.8086 0.2800 0.0482 -0.5153 1590422056.200442075
#MPU6050 -0.8063 0.2892 0.0378 -0.5147 1590422056.243972063
#MPU6050 -0.8029 0.2979 0.0281 -0.5156 1590422056.289385080
#MPU6050 -0.8001 0.3064 0.0184 -0.5154 1590422056.334270954
#MPU6050 -0.7979 0.3144 0.0087 -0.5143 1590422056.383080959
#MPU6050 -0.7966 0.3183 0.0038 -0.5140 1590422056.402055978
#MPU6050 -0.7939 0.3258 -0.0058 -0.5134 1590422056.452475070
#MPU6050 -0.7915 0.3331 -0.0156 -0.5122 1590422056.497025966
#MPU6050 -0.7894 0.3402 -0.0257 -0.5104 1590422056.545826911
#MPU6050 -0.7568 0.4100 -0.1172 -0.4955 1590422056.633299112
#MPU6050 -0.7554 0.4118 -0.1172 -0.4961 1590422056.651907920
#MPU6050 -0.7529 0.4155 -0.1171 -0.4969 1590422056.699673891
#MPU6050 -0.7528 0.4176 -0.1171 -0.4952 1590422056.742940902
#MPU6050 -0.7538 0.4186 -0.1165 -0.4929 1590422056.800849914
#MPU6050 -0.7543 0.4200 -0.1149 -0.4915 1590422056.847632884
#MPU6050 -0.7534 0.4219 -0.1124 -0.4917 1590422056.895520925
#MPU6050 -0.7516 0.4241 -0.1091 -0.4933 1590422056.941858053
#MPU6050 -0.7507 0.4260 -0.1062 -0.4937 1590422056.983532905
#MPU6050 -0.7538 0.4235 -0.0898 -0.4944 1590422057.27597904
#MPU6050 -0.7543 0.4227 -0.0892 -0.4944 1590422057.50688028
#MPU6050 -0.7552 0.4211 -0.0878 -0.4946 1590422057.99736928
#MPU6050 -0.7559 0.4196 -0.0860 -0.4951 1590422057.143959999
#MPU6050 -0.7560 0.4182 -0.0837 -0.4966 1590422057.187222957
#MPU6050 -0.7554 0.4170 -0.0810 -0.4989 1590422057.235594034
#MPU6050 -0.7552 0.4156 -0.0784 -0.5008 1590422057.280749082
#MPU6050 -0.7554 0.4147 -0.0772 -0.5015 1590422057.304426908
#MPU6050 -0.7562 0.4126 -0.0753 -0.5023 1590422057.344743013
#MPU6050 -0.7587 0.4098 -0.0740 -0.5011 1590422057.389748096
#MPU6050 -0.7861 0.3657 -0.0368 -0.4969 1590422057.453191995
#MPU6050 -0.7884 0.3608 -0.0312 -0.4973 1590422057.497850894
#MPU6050 -0.7911 0.3553 -0.0253 -0.4973 1590422057.543910980
#MPU6050 -0.7951 0.3486 -0.0189 -0.4960 1590422057.587852954
#MPU6050 -0.7991 0.3405 -0.0103 -0.4954 1590422057.630717992
#MPU6050 -0.8004 0.3364 -0.0048 -0.4963 1590422057.651187896
#MPU6050 -0.8019 0.3288 0.0074 -0.4990 1590422057.698112964
#MPU6050 -0.8029 0.3216 0.0200 -0.5015 1590422057.744565010
#MPU6050 -0.8044 0.3136 0.0331 -0.5035 1590422057.794682025
#MPU6050 -0.8066 0.3052 0.0461 -0.5042 1590422057.839891910
#MPU6050 -0.8273 0.1788 0.2236 -0.4833 1590422057.905286073
#MPU6050 -0.8262 0.1688 0.2354 -0.4833 1590422057.950517892
#MPU6050 -0.8253 0.1604 0.2462 -0.4823 1590422057.997901916
#MPU6050 -0.8219 0.1523 0.2563 -0.4854 1590422058.41590929
#MPU6050 -0.8148 0.1435 0.2667 -0.4944 1590422058.84569931
#MPU6050 -0.8107 0.1391 0.2717 -0.4996 1590422058.105808973
#MPU6050 -0.8024 0.1301 0.2812 -0.5102 1590422058.150662899
#MPU6050 -0.7963 0.1208 0.2899 -0.5170 1590422058.200397968
#MPU6050 -0.7944 0.1116 0.2982 -0.5173 1590422058.244067907
#MPU6050 -0.7945 0.1027 0.3074 -0.5136 1590422058.288357973
#MPU6050 -0.7672 -0.0032 0.4309 -0.4752 1590422058.330823898
#MPU6050 -0.7673 -0.0059 0.4360 -0.4703 1590422058.351028919
#MPU6050 -0.7678 -0.0094 0.4460 -0.4601 1590422058.397718906
#MPU6050 -0.7650 -0.0137 0.4560 -0.4547 1590422058.439465045
#MPU6050 -0.7609 -0.0187 0.4657 -0.4515 1590422058.484558105
#MPU6050 -0.7596 -0.0207 0.4705 -0.4487 1590422058.507189035
#MPU6050 -0.7589 -0.0237 0.4797 -0.4399 1590422058.550602912
#MPU6050 -0.7574 -0.0257 0.4886 -0.4323 1590422058.595865964
#MPU6050 -0.7535 -0.0287 0.4974 -0.4290 1590422058.642889976
#MPU6050 -0.7488 -0.0327 0.5054 -0.4276 1590422058.689307928
#MPU6050 -0.7175 -0.0563 0.5842 -0.3752 1590422058.754558086
#MPU6050 -0.7147 -0.0573 0.5894 -0.3724 1590422058.799518108
#MPU6050 -0.7120 -0.0588 0.5945 -0.3690 1590422058.847281932
#MPU6050 -0.7098 -0.0601 0.5999 -0.3644 1590422058.891010046
#MPU6050 -0.7073 -0.0610 0.6056 -0.3596 1590422058.938141107
#MPU6050 -0.7048 -0.0621 0.6111 -0.3549 1590422058.987853050
#MPU6050 -0.7037 -0.0626 0.6136 -0.3525 1590422059.6620883
#MPU6050 -0.7019 -0.0635 0.6186 -0.3474 1590422059.53778886
#MPU6050 -0.6999 -0.0646 0.6235 -0.3425 1590422059.98040103
#MPU6050 -0.6971 -0.0671 0.6282 -0.3390 1590422059.148267984
#MPU6050 -0.6680 -0.1172 0.6532 -0.3367 1590422059.192969083
#MPU6050 -0.6677 -0.1192 0.6536 -0.3359 1590422059.239492893
#MPU6050 -0.6674 -0.1215 0.6536 -0.3358 1590422059.284584045
#MPU6050 -0.6671 -0.1229 0.6535 -0.3361 1590422059.306096076
#MPU6050 -0.6664 -0.1257 0.6532 -0.3369 1590422059.352967977
#MPU6050 -0.6663 -0.1276 0.6529 -0.3369 1590422059.398694038
#MPU6050 -0.6668 -0.1284 0.6530 -0.3356 1590422059.445080041
#MPU6050 -0.6678 -0.1283 0.6530 -0.3336 1590422059.488089084
#MPU6050 -0.6682 -0.1284 0.6529 -0.3328 1590422059.509227991
#MPU6050 -0.6686 -0.1294 0.6523 -0.3327 1590422059.557645082
#MPU6050 -0.6837 -0.1229 0.6406 -0.3275 1590422059.646199941
#MPU6050 -0.6862 -0.1207 0.6392 -0.3256 1590422059.691776037
#MPU6050 -0.6896 -0.1179 0.6375 -0.3228 1590422059.740541934
#MPU6050 -0.6937 -0.1142 0.6355 -0.3193 1590422059.786623001
#MPU6050 -0.6960 -0.1119 0.6343 -0.3172 1590422059.807106971
#MPU6050 -0.7017 -0.1062 0.6319 -0.3116 1590422059.849775075
#MPU6050 -0.7088 -0.0985 0.6288 -0.3041 1590422059.896256923
#MPU6050 -0.7176 -0.0896 0.6240 -0.2963 1590422059.947102069
#MPU6050 -0.7278 -0.0794 0.6174 -0.2877 1590422059.992582082
#MPU6050 -0.8824 0.1102 0.3929 -0.2341 1590422060.36854028
#MPU6050 -0.8927 0.1309 0.3641 -0.2313 1590422060.87513923
#MPU6050 -0.9015 0.1519 0.3334 -0.2305 1590422060.155075073
#MPU6050 -0.9080 0.1714 0.3021 -0.2344 1590422060.201554059
#MPU6050 -0.9131 0.1904 0.2693 -0.2397 1590422060.248058080
#MPU6050 -0.9172 0.2098 0.2347 -0.2444 1590422060.290612936
#MPU6050 -0.9188 0.2194 0.2169 -0.2465 1590422060.310879945
#MPU6050 -0.9213 0.2375 0.1808 -0.2492 1590422060.354578018
#MPU6050 -0.9232 0.2535 0.1437 -0.2506 1590422060.398345947
#MPU6050 -0.8389 0.3439 -0.2960 -0.3007 1590422060.487166881
#MPU6050 -0.8354 0.3441 -0.3063 -0.2999 1590422060.508188009
#MPU6050 -0.8285 0.3442 -0.3257 -0.2985 1590422060.557292938
#MPU6050 -0.8214 0.3450 -0.3433 -0.2976 1590422060.606353998
#MPU6050 -0.8143 0.3458 -0.3595 -0.2971 1590422060.659509897
#MPU6050 -0.8080 0.3456 -0.3741 -0.2963 1590422060.704096078
#MPU6050 -0.8022 0.3442 -0.3884 -0.2952 1590422060.748914003
#MPU6050 -0.7972 0.3412 -0.4024 -0.2936 1590422060.794281959
#MPU6050 -0.7927 0.3375 -0.4153 -0.2921 1590422060.838917016
#MPU6050 -0.7590 0.2905 -0.4991 -0.3010 1590422060.900564908
#MPU6050 -0.7587 0.2914 -0.4985 -0.3016 1590422060.944001913
#MPU6050 -0.7587 0.2922 -0.4977 -0.3021 1590422060.994095087
#MPU6050 -0.7587 0.2927 -0.4973 -0.3024 1590422061.12376070
#MPU6050 -0.7586 0.2939 -0.4964 -0.3030 1590422061.55747032
#MPU6050 -0.7587 0.2948 -0.4955 -0.3033 1590422061.104427099
#MPU6050 -0.7590 0.2949 -0.4950 -0.3035 1590422061.147469043
#MPU6050 -0.7591 0.2947 -0.4948 -0.3036 1590422061.196048974
#MPU6050 -0.7591 0.2947 -0.4948 -0.3038 1590422061.237601041
#MPU6050 -0.7590 0.2947 -0.4948 -0.3038 1590422061.258224964
#MPU6050 0.4739 0.0796 -0.1716 -0.5000 1590422061.306521892
#MPU6050 -0.7596 0.2925 -0.4927 -0.3080 1590422061.348470926
#MPU6050 -0.7608 0.2914 -0.4914 -0.3080 1590422061.395690917
#MPU6050 -0.7620 0.2904 -0.4900 -0.3083 1590422061.443792104
#MPU6050 -0.7625 0.2902 -0.4891 -0.3087 1590422061.462475061
#MPU6050 -0.7635 0.2901 -0.4869 -0.3098 1590422061.511056900
#MPU6050 -0.7646 0.2902 -0.4843 -0.3109 1590422061.555058002
#MPU6050 -0.7662 0.2899 -0.4813 -0.3118 1590422061.607690095
#MPU6050 -0.7682 0.2897 -0.4776 -0.3129 1590422061.658679008
#MPU6050 -0.1079 -0.6032 1.7246 0.9919 1590422061.737237930
#MPU6050 -0.8360 0.2593 -0.3334 -0.3505 1590422061.797703027
#MPU6050 -0.8427 0.2552 -0.3156 -0.3539 1590422061.841953992
#MPU6050 -0.8460 0.2531 -0.3062 -0.3557 1590422061.863673925
#MPU6050 -0.8528 0.2479 -0.2869 -0.3590 1590422061.912478923
#MPU6050 -0.8597 0.2422 -0.2668 -0.3619 1590422061.954428911
#MPU6050 -0.8664 0.2365 -0.2453 -0.3652 1590422061.997646093
#MPU6050 -0.8729 0.2306 -0.2214 -0.3687 1590422062.43315887
#MPU6050 -0.8761 0.2275 -0.2084 -0.3706 1590422062.62624931
#MPU6050 -0.8818 0.2211 -0.1814 -0.3752 1590422062.105214118
#MPU6050 -0.8868 0.2144 -0.1547 -0.3793 1590422062.149440050
#MPU6050 -0.8919 0.2075 -0.1287 -0.3808 1590422062.196377992
#MPU6050 -0.8985 0.0944 0.2595 -0.3413 1590422062.240019083
#MPU6050 -0.8972 0.0896 0.2729 -0.3354 1590422062.260158061
#MPU6050 -0.8937 0.0798 0.2992 -0.3248 1590422062.304158926
#MPU6050 -0.8890 0.0704 0.3243 -0.3157 1590422062.349248886
#MPU6050 -0.8839 0.0618 0.3474 -0.3069 1590422062.400825977
#MPU6050 -0.8784 0.0536 0.3697 -0.2982 1590422062.442887067
#MPU6050 -0.8754 0.0497 0.3808 -0.2936 1590422062.464152097
#MPU6050 -0.8693 0.0424 0.4025 -0.2839 1590422062.510750055
#MPU6050 -0.8629 0.0358 0.4236 -0.2732 1590422062.553621053
#MPU6050 -0.8563 0.0300 0.4445 -0.2615 1590422062.605732917
#MPU6050 -0.7393 -0.1030 0.5678 -0.3469 1590422062.665715932
#MPU6050 -0.7256 -0.1260 0.5649 -0.3721 1590422062.712440013
#MPU6050 -0.7173 -0.1426 0.5640 -0.3836 1590422062.755527019
#MPU6050 -0.7126 -0.1524 0.5665 -0.3846 1590422062.801544904
#MPU6050 -0.7090 -0.1583 0.5706 -0.3830 1590422062.843108892
#MPU6050 -0.7070 -0.1608 0.5724 -0.3831 1590422062.864125967
#MPU6050 -0.7021 -0.1658 0.5754 -0.3852 1590422062.911484003
#MPU6050 -0.6979 -0.1696 0.5786 -0.3866 1590422062.954627990
#MPU6050 -0.6946 -0.1715 0.5823 -0.3860 1590422062.998697042
#MPU6050 -0.6924 -0.1720 0.5861 -0.3841 1590422063.42320966
#MPU6050 -0.6916 -0.1719 0.5880 -0.3828 1590422063.64116001
#MPU6050 -0.6877 -0.1622 0.6172 -0.3461 1590422063.153712034
#MPU6050 -0.6871 -0.1645 0.6166 -0.3475 1590422063.198784112
#MPU6050 -0.6859 -0.1672 0.6157 -0.3502 1590422063.244461059
#MPU6050 -0.6854 -0.1684 0.6154 -0.3510 1590422063.265177965
#MPU6050 -0.6851 -0.1699 0.6155 -0.3507 1590422063.313177108
#MPU6050 -0.6852 -0.1704 0.6163 -0.3489 1590422063.354670047
#MPU6050 -0.6850 -0.1711 0.6171 -0.3474 1590422063.400024890
#MPU6050 -0.6841 -0.1722 0.6177 -0.3475 1590422063.448532104
#MPU6050 -0.6835 -0.1727 0.6181 -0.3478 1590422063.467030048
#MPU6050 -0.6825 -0.1736 0.6190 -0.3478 1590422063.511732101
#MPU6050 -0.6824 -0.1699 0.6263 -0.3365 1590422063.560795068
#MPU6050 -0.6800 -0.1722 0.6253 -0.3419 1590422063.606205940
#MPU6050 -0.6782 -0.1725 0.6249 -0.3461 1590422063.654181003
#MPU6050 -0.6778 -0.1708 0.6259 -0.3460 1590422063.698364973
#MPU6050 -0.6783 -0.1694 0.6267 -0.3442 1590422063.719691991
#MPU6050 -0.6798 -0.1663 0.6285 -0.3393 1590422063.765661954
#MPU6050 -0.6812 -0.1639 0.6298 -0.3354 1590422063.811014890
#MPU6050 -0.6818 -0.1627 0.6301 -0.3342 1590422063.860124111
#MPU6050 -0.6816 -0.1627 0.6300 -0.3347 1590422063.907346010
#MPU6050 -0.6813 -0.1633 0.6300 -0.3350 1590422063.945897102
#MPU6050 1.3008 1.1531 0.4863 0.9984 1590422063.969310998
#MPU6050 -0.6750 -0.1542 0.6473 -0.3187 1590422064.9725093
#MPU6050 -0.6741 -0.1529 0.6497 -0.3163 1590422064.54543972
#MPU6050 -0.6737 -0.1515 0.6514 -0.3144 1590422064.101335048
#MPU6050 -0.6728 -0.1516 0.6523 -0.3146 1590422064.149633884
#MPU6050 -0.6714 -0.1537 0.6519 -0.3174 1590422064.196763992
#MPU6050 -0.6706 -0.1554 0.6514 -0.3193 1590422064.217122077
#MPU6050 -0.6694 -0.1584 0.6505 -0.3221 1590422064.268136024
#MPU6050 -0.6693 -0.1605 0.6496 -0.3230 1590422064.312376022
#MPU6050 -0.6700 -0.1612 0.6489 -0.3225 1590422064.357122898
#MPU6050 -0.6705 -0.1611 0.6490 -0.3212 1590422064.402510881
#MPU6050 -0.6679 -0.1216 0.6724 -0.2949 1590422064.465718030
#MPU6050 -0.6677 -0.1176 0.6741 -0.2932 1590422064.508753061
#MPU6050 -0.6677 -0.1129 0.6758 -0.2911 1590422064.556976079
#MPU6050 -0.6677 -0.1078 0.6776 -0.2890 1590422064.604257106
#MPU6050 -0.6677 -0.1024 0.6793 -0.2870 1590422064.653201103
#MPU6050 -0.6678 -0.0968 0.6806 -0.2853 1590422064.696244001
#MPU6050 -0.6680 -0.0940 0.6812 -0.2845 1590422064.717327117
#MPU6050 -0.6690 -0.0871 0.6823 -0.2817 1590422064.762609004
#MPU6050 -0.6712 -0.0767 0.6838 -0.2759 1590422064.808523893
#MPU6050 -0.6743 -0.0628 0.6852 -0.2679 1590422064.856842994
#MPU6050 -0.6705 0.0927 0.6848 -0.2699 1590422064.898979902
#MPU6050 -0.6691 0.0995 0.6844 -0.2720 1590422064.920025110
#MPU6050 -0.6658 0.1140 0.6837 -0.2762 1590422064.971822977
#MPU6050 -0.6624 0.1299 0.6828 -0.2795 1590422065.16443967
#MPU6050 -0.6591 0.1478 0.6816 -0.2812 1590422065.63282966
#MPU6050 -0.6562 0.1673 0.6797 -0.2817 1590422065.106360912
#MPU6050 -0.6537 0.1882 0.6769 -0.2812 1590422065.149665117
#MPU6050 -0.6523 0.1987 0.6752 -0.2812 1590422065.170574903
#MPU6050 -0.6484 0.2180 0.6721 -0.2834 1590422065.216423988
#MPU6050 -0.6421 0.2334 0.6702 -0.2900 1590422065.267952919
#MPU6050 -0.5599 0.4454 0.5880 -0.3774 1590422065.352808952
#MPU6050 -0.5540 0.4597 0.5782 -0.3839 1590422065.400872945
#MPU6050 -0.5510 0.4669 0.5731 -0.3873 1590422065.420612096
#MPU6050 -0.5451 0.4808 0.5624 -0.3942 1590422065.464453935
#MPU6050 -0.5386 0.4936 0.5521 -0.4019 1590422065.509540081
#MPU6050 -0.5334 0.5067 0.5404 -0.4083 1590422065.553662061
#MPU6050 -0.5286 0.5211 0.5273 -0.4135 1590422065.601047992
#MPU6050 -0.5256 0.5281 0.5211 -0.4162 1590422065.620886087
#MPU6050 -0.5192 0.5417 0.5093 -0.4214 1590422065.671797037
#MPU6050 -0.5130 0.5552 0.4968 -0.4264 1590422065.709707021
#MPU6050 -0.4412 0.6848 0.3238 -0.4812 1590422065.805459022
#MPU6050 -0.4372 0.6863 0.3217 -0.4841 1590422065.822360992
#MPU6050 -0.4308 0.6896 0.3168 -0.4883 1590422065.867492914
#MPU6050 -0.4260 0.6926 0.3117 -0.4916 1590422065.914313077
#MPU6050 -0.4230 0.6953 0.3063 -0.4937 1590422065.959849119
#MPU6050 -0.4225 0.6980 0.3004 -0.4941 1590422066.8039951
#MPU6050 -0.4229 0.6998 0.2948 -0.4944 1590422066.53939104
#MPU6050 -0.4227 0.7001 0.2928 -0.4954 1590422066.74949026
#MPU6050 -0.4214 0.7000 0.2910 -0.4979 1590422066.118448019
#MPU6050 -0.4194 0.6989 0.2914 -0.5007 1590422066.163104057
#MPU6050 -0.4255 0.6801 0.3157 -0.5067 1590422066.211899042
#MPU6050 -0.4265 0.6784 0.3182 -0.5065 1590422066.257841110
#MPU6050 -0.4290 0.6770 0.3194 -0.5056 1590422066.316045045
#MPU6050 -0.4323 0.6754 0.3204 -0.5042 1590422066.349785089
#MPU6050 -0.4334 0.6744 0.3215 -0.5039 1590422066.370342969
#MPU6050 -0.4344 0.6719 0.3249 -0.5042 1590422066.418477058
#MPU6050 -0.4355 0.6697 0.3279 -0.5042 1590422066.462835073
#MPU6050 -0.4382 0.6682 0.3298 -0.5028 1590422066.507081031
#MPU6050 -0.4406 0.6663 0.3320 -0.5016 1590422066.551665067
#MPU6050 -0.4415 0.6653 0.3334 -0.5013 1590422066.574162006
#MPU6050 -0.4828 0.6318 0.3782 -0.4739 1590422066.652297973
#MPU6050 -0.4845 0.6304 0.3802 -0.4725 1590422066.674161911
#MPU6050 -0.4879 0.6270 0.3846 -0.4700 1590422066.719155073
#MPU6050 -0.4914 0.6232 0.3892 -0.4677 1590422066.764101982
#MPU6050 -0.4952 0.6189 0.3939 -0.4655 1590422066.811930894
#MPU6050 -0.4990 0.6143 0.3987 -0.4634 1590422066.860627889
#MPU6050 -0.5029 0.6094 0.4035 -0.4614 1590422066.907737016
#MPU6050 -0.5076 0.6043 0.4083 -0.4589 1590422066.950069904
#MPU6050 -0.5101 0.6015 0.4107 -0.4575 1590422066.971179962
#MPU6050 -0.5157 0.5959 0.4153 -0.4542 1590422067.14421939
#MPU6050 -0.5216 0.5903 0.4202 -0.4504 1590422067.58859109
#MPU6050 -0.5853 0.4605 0.5193 -0.4191 1590422067.102600097
#MPU6050 -0.5864 0.4499 0.5258 -0.4210 1590422067.122967004
#MPU6050 -0.5936 0.4324 0.5341 -0.4188 1590422067.173420906
#MPU6050 -0.6044 0.4159 0.5397 -0.4129 1590422067.218732118
#MPU6050 -0.6130 0.3982 0.5461 -0.4092 1590422067.263617992
#MPU6050 -0.6193 0.3820 0.5523 -0.4068 1590422067.315924882
#MPU6050 -0.6249 0.3654 0.5588 -0.4047 1590422067.357681989
#MPU6050 -0.6310 0.3484 0.5646 -0.4022 1590422067.406240940
#MPU6050 -0.6385 0.3333 0.5687 -0.3973 1590422067.450701951
#MPU6050 -0.6422 0.3265 0.5704 -0.3945 1590422067.472117900
#MPU6050 -0.7046 0.1801 0.6259 -0.2816 1590422067.560441017
#MPU6050 -0.7064 0.1734 0.6292 -0.2741 1590422067.611046075
#MPU6050 -0.7073 0.1649 0.6328 -0.2686 1590422067.658407926
#MPU6050 -0.7078 0.1606 0.6343 -0.2661 1590422067.674973011
#MPU6050 -0.7093 0.1515 0.6368 -0.2617 1590422067.726242065
#MPU6050 -0.7104 0.1415 0.6390 -0.2587 1590422067.771336078
#MPU6050 -0.7103 0.1309 0.6416 -0.2584 1590422067.816091060
#MPU6050 -0.7089 0.1193 0.6444 -0.2607 1590422067.860491991
#MPU6050 -0.7075 0.1080 0.6468 -0.2636 1590422067.907438993
#MPU6050 -0.7013 0.0273 0.6577 -0.2738 1590422067.971715927
#MPU6050 -0.7000 0.0192 0.6575 -0.2782 1590422068.17803907
#MPU6050 -0.6976 0.0087 0.6569 -0.2857 1590422068.70456981
#MPU6050 -0.6947 -0.0044 0.6556 -0.2958 1590422068.114856004
#MPU6050 -0.6927 -0.0151 0.6545 -0.3026 1590422068.159826040
#MPU6050 -0.6927 -0.0212 0.6544 -0.3025 1590422068.205157995
#MPU6050 -0.6935 -0.0229 0.6545 -0.3004 1590422068.225402116
#MPU6050 -0.6956 -0.0248 0.6545 -0.2953 1590422068.273598909
#MPU6050 -0.6973 -0.0259 0.6545 -0.2910 1590422068.325238943
#MPU6050 -0.6950 -0.0488 0.6562 -0.2898 1590422068.375102996
#MPU6050 -0.6951 -0.0485 0.6564 -0.2892 1590422068.424102067
#MPU6050 -0.6953 -0.0471 0.6567 -0.2883 1590422068.470473051
#MPU6050 -0.6954 -0.0455 0.6569 -0.2878 1590422068.514077901
#MPU6050 -0.6952 -0.0441 0.6573 -0.2875 1590422068.560962915
#MPU6050 -0.6951 -0.0428 0.6578 -0.2869 1590422068.607914924
#MPU6050 -0.6951 -0.0419 0.6584 -0.2858 1590422068.653824090
#MPU6050 -0.6951 -0.0415 0.6587 -0.2851 1590422068.679491996
#MPU6050 -0.6951 -0.0414 0.6591 -0.2839 1590422068.721698045
#MPU6050 -0.6948 -0.0425 0.6596 -0.2834 1590422068.773860931
#MPU6050 -0.6723 -0.0765 0.6739 -0.2967 1590422068.814476013
#MPU6050 -0.6725 -0.0782 0.6738 -0.2960 1590422068.858576059
#MPU6050 -0.6726 -0.0792 0.6738 -0.2953 1590422068.878237962
#MPU6050 -0.6730 -0.0818 0.6738 -0.2938 1590422068.924541950
#MPU6050 -0.6734 -0.0856 0.6732 -0.2932 1590422068.967504024
#MPU6050 -0.6732 -0.0907 0.6721 -0.2948 1590422069.8411884
#MPU6050 -0.6720 -0.0963 0.6710 -0.2983 1590422069.75579881
